ID TIME TPS RAM CPU
0 0.024 42 6.5 19.9
0 0.108 12 6.5 19.9
0 0.207 10 6.5 19.9
0 0.307 10 6.5 19.9
0 0.408 10 6.5 19.9
0 0.529 8 6.5 19.9
0 0.611 12 6.5 19.9
0 0.709 10 6.5 19.9
0 0.807 10 6.5 19.9
0 0.906 10 6.5 19.9
0 1.034 8 6.5 19.9
0 1.112 13 6.5 19.9
0 1.207 10 6.5 19.9
0 1.308 10 6.5 19.9
0 1.411 10 6.5 19.9
0 1.508 10 6.5 19.9
0 1.616 9 6.5 19.9
0 1.715 10 6.5 19.9
0 1.81 10 6.5 19.9
0 1.914 10 6.5 19.9
0 2.012 10 6.5 19.9
0 2.13 9 6.5 19.9
0 2.214 12 6.5 19.9
0 2.315 10 6.5 19.9
0 2.413 10 6.5 19.9
0 2.514 10 6.5 19.9
0 2.612 10 6.5 19.9
0 2.727 9 6.5 19.9
0 2.815 11 6.5 19.9
0 2.915 10 6.5 19.9
0 3.014 10 6.5 19.9
0 3.116 10 6.5 19.9
0 3.234 9 6.5 19.9
0 3.315 12 6.5 19.9
0 3.416 10 6.5 19.9
0 3.514 10 6.5 19.9
0 3.615 10 6.5 19.9
0 3.717 10 6.5 19.9
0 3.83 9 6.5 19.9
0 3.917 11 6.5 19.9
0 4.018 10 6.5 19.9
0 4.117 10 6.5 19.9
0 4.219 10 6.5 19.9
0 4.314 11 6.5 19.9
0 4.429 9 6.5 19.9
0 4.515 12 6.5 19.9
0 4.616 10 6.5 19.9
0 4.72 10 6.5 19.9
0 4.817 10 6.5 19.9
0 4.933 9 6.5 19.9
0 5.313 3 6.5 19.9
0 5.321 133 6.5 19.9
0 5.44 8 6.5 19.9
0 5.525 12 6.5 19.9
0 5.626 10 6.5 19.9
0 5.725 10 6.5 19.9
0 5.827 10 6.5 19.9
0 5.925 10 6.5 19.9
0 6.043 9 6.5 19.9
0 6.123 12 6.5 19.9
0 6.227 10 6.5 19.9
0 6.324 10 6.5 19.9
0 6.426 10 6.5 19.9
0 6.543 8 6.5 19.9
0 6.624 12 6.5 19.9
0 6.725 10 6.5 19.9
0 6.825 10 6.5 19.9
0 6.929 10 6.5 19.9
0 7.035 9 6.5 19.9
0 7.132 10 6.5 19.9
0 7.224 11 6.5 19.9
0 7.384 6 6.5 19.9
0 7.428 23 6.5 19.9
0 7.526 10 6.5 19.9
0 7.644 8 6.5 19.9
0 7.726 12 6.5 19.9
0 7.826 10 6.5 19.9
0 7.927 10 6.5 19.9
0 8.028 10 6.5 19.9
0 8.129 10 6.5 19.9
0 8.242 9 6.5 19.9
0 8.328 12 6.5 19.9
0 8.429 10 6.5 19.9
0 8.53 10 6.5 19.9
0 8.63 10 6.5 19.9
0 8.737 9 6.5 19.9
0 8.831 11 6.5 19.9
0 8.932 10 6.5 19.9
0 9.029 10 6.5 19.9
0 9.131 10 6.5 19.9
0 9.232 10 6.5 19.9
0 9.402 6 6.5 19.9
0 9.429 36 6.5 19.9
0 9.537 9 6.5 19.9
0 9.631 11 6.5 19.9
0 9.733 10 6.5 19.9
0 9.841 9 6.5 19.9
0 9.931 11 6.5 19.9
0 10.1 6 3.8 19.2
0 10.302 5 3.8 19.2
0 10.312 104 3.8 19.2
0 10.451 7 3.8 19.2
0 10.521 14 3.8 19.2
0 10.618 10 3.8 19.2
0 10.716 10 3.8 19.2
0 10.818 10 3.8 19.2
0 10.917 10 3.8 19.2
0 11.027 9 3.8 19.2
0 11.121 11 3.8 19.2
0 11.216 10 3.8 19.2
0 11.32 10 3.8 19.2
0 11.521 5 3.8 19.2
0 11.542 49 3.8 19.2
0 11.639 10 3.8 19.2
0 11.735 10 3.8 19.2
0 11.837 10 3.8 19.2
0 11.938 10 3.8 19.2
0 12.049 9 3.8 19.2
0 12.138 11 3.8 19.2
0 12.237 10 3.8 19.2
0 12.339 10 3.8 19.2
0 12.438 10 3.8 19.2
0 12.554 9 3.8 19.2
0 12.64 12 3.8 19.2
0 12.736 10 3.8 19.2
0 12.839 10 3.8 19.2
0 12.936 10 3.8 19.2
0 13.039 10 3.8 19.2
0 13.157 8 3.8 19.2
0 13.241 12 3.8 19.2
0 13.34 10 3.8 19.2
0 13.539 5 3.8 19.2
0 13.55 91 3.8 19.2
0 13.668 9 3.8 19.2
0 13.754 12 3.8 19.2
0 13.855 10 3.8 19.2
0 13.956 10 3.8 19.2
0 14.051 10 3.8 19.2
0 14.174 8 3.8 19.2
0 14.256 12 3.8 19.2
0 14.358 10 3.8 19.2
0 14.454 10 3.8 19.2
0 14.557 10 3.8 19.2
0 14.652 11 3.8 19.2
0 14.77 8 3.8 19.2
0 14.854 12 3.8 19.2
0 14.959 10 3.8 19.2
0 15.057 10 3.8 19.2
0 15.157 10 3.8 19.2
0 15.272 9 3.8 19.2
0 15.373 10 3.8 19.2
0 15.585 5 3.8 19.2
0 15.594 104 3.8 19.2
0 15.7 9 3.8 19.2
0 15.813 9 3.8 19.2
0 15.899 12 3.8 19.2
0 16.004 10 3.8 19.2
0 16.101 10 3.8 19.2
0 16.202 10 3.8 19.2
0 16.297 11 3.8 19.2
0 16.417 8 3.8 19.2
0 16.499 12 3.8 19.2
0 16.601 10 3.8 19.2
0 16.701 10 3.8 19.2
0 16.801 10 3.8 19.2
0 16.907 9 3.8 19.2
0 17.008 10 3.8 19.2
0 17.101 11 3.8 19.2
0 17.202 10 3.8 19.2
0 17.302 10 3.8 19.2
0 17.409 9 3.8 19.2
0 17.612 5 3.8 19.2
0 17.624 85 3.8 19.2
0 17.729 9 3.8 19.2
0 17.827 10 3.8 19.2
0 17.936 9 3.8 19.2
0 18.033 10 3.8 19.2
0 18.131 10 3.8 19.2
0 18.228 10 3.8 19.2
0 18.328 10 3.8 19.2
0 18.429 10 3.8 19.2
0 18.534 9 3.8 19.2
0 18.63 10 3.8 19.2
0 18.73 10 3.8 19.2
0 18.828 10 3.8 19.2
0 18.928 10 3.8 19.2
0 19.036 9 3.8 19.2
0 19.131 11 3.8 19.2
0 19.231 10 3.8 19.2
0 19.33 10 3.8 19.2
0 19.431 10 3.8 19.2
0 19.648 5 3.8 19.2
0 19.657 103 3.8 19.2
0 19.761 10 3.8 19.2
0 19.86 10 3.8 19.2
0 19.966 9 3.8 19.2
0 20.076 9 3.8 19.2
0 20.166 11 3.0 19.2
0 20.262 10 3.0 19.2
0 20.362 10 3.0 19.2
0 20.465 10 3.0 19.2
0 20.59 8 3.0 19.2
0 20.665 13 3.0 19.2
0 20.767 10 3.0 19.2
0 20.862 11 3.0 19.2
0 20.966 10 3.0 19.2
0 21.063 10 3.0 19.2
0 21.179 9 3.0 19.2
0 21.266 11 3.0 19.2
0 21.362 10 3.0 19.2
0 21.467 9 3.0 19.2
0 21.669 5 3.0 19.2
0 21.849 6 3.0 19.2
0 21.862 78 3.0 19.2
0 21.967 10 3.0 19.2
0 22.067 10 3.0 19.2
0 22.166 10 3.0 19.2
0 22.277 9 3.0 19.2
0 22.368 11 3.0 19.2
0 22.464 10 3.0 19.2
0 22.565 10 3.0 19.2
0 22.664 10 3.0 19.2
0 22.776 9 3.0 19.2
0 22.872 10 3.0 19.2
0 22.968 10 3.0 19.2
0 23.067 10 3.0 19.2
0 23.167 10 3.0 19.2
0 23.279 9 3.0 19.2
0 23.365 12 3.0 19.2
0 23.474 9 3.0 19.2
0 23.671 5 3.0 19.2
0 23.683 82 3.0 19.2
0 23.798 9 3.0 19.2
0 23.941 7 3.0 19.2
0 23.992 20 3.0 19.2
0 24.087 11 3.0 19.2
0 24.186 10 3.0 19.2
0 24.29 10 3.0 19.2
0 24.395 9 3.0 19.2
0 24.492 10 3.0 19.2
0 24.589 10 3.0 19.2
0 24.687 10 3.0 19.2
0 24.787 10 3.0 19.2
0 24.897 9 3.0 19.2
0 24.993 10 3.0 19.2
0 25.088 11 3.0 19.2
0 25.19 10 3.0 19.2
0 25.33 7 3.0 19.2
0 25.404 14 3.0 19.2
0 25.497 11 3.0 19.2
0 25.693 5 3.0 19.2
0 25.707 70 3.0 19.2
0 25.815 9 3.0 19.2
0 25.973 6 3.0 19.2
0 26.016 23 3.0 19.2
0 26.113 10 3.0 19.2
0 26.212 10 3.0 19.2
0 26.311 10 3.0 19.2
0 26.419 9 3.0 19.2
0 26.514 11 3.0 19.2
0 26.612 10 3.0 19.2
0 26.713 10 3.0 19.2
0 26.813 10 3.0 19.2
0 26.923 9 3.0 19.2
0 27.016 11 3.0 19.2
0 27.112 10 3.0 19.2
0 27.215 10 3.0 19.2
0 27.312 10 3.0 19.2
0 27.478 6 3.0 19.2
0 27.51 31 3.0 19.2
0 27.722 5 3.0 19.2
0 27.733 94 3.0 19.2
0 27.837 10 3.0 19.2
0 27.992 6 3.0 19.2
0 28.046 19 3.0 19.2
0 28.266 5 3.0 19.2
0 28.276 104 3.0 19.2
0 28.382 9 3.0 19.2
0 28.487 10 3.0 19.2
0 28.589 10 3.0 19.2
0 28.681 11 3.0 19.2
0 28.786 9 3.0 19.2
0 28.886 10 3.0 19.2
0 28.987 10 3.0 19.2
0 29.09 10 3.0 19.2
0 29.181 11 3.0 19.2
0 29.291 9 3.0 19.2
0 29.384 11 3.0 19.2
0 29.539 6 3.0 19.2
0 29.592 19 3.0 19.2
0 29.685 11 3.0 19.2
0 29.785 10 3.0 19.2
0 29.888 10 3.0 19.2
0 30.042 7 3.0 19.2
0 30.094 19 3.0 19.2
0 30.186 11 3.2 19.3
0 30.341 6 3.2 19.3
0 30.39 21 3.2 19.3
0 30.485 10 3.2 19.3
0 30.592 9 3.2 19.3
0 30.686 11 3.2 19.3
0 30.797 9 3.2 19.3
0 30.885 11 3.2 19.3
0 30.991 9 3.2 19.3
0 31.092 10 3.2 19.3
0 31.188 10 3.2 19.3
0 31.29 10 3.2 19.3
0 31.386 10 3.2 19.3
0 31.629 4 3.2 19.3
0 31.646 58 3.2 19.3
0 31.748 10 3.2 19.3
0 31.849 10 3.2 19.3
0 31.948 10 3.2 19.3
0 32.107 6 3.2 19.3
0 32.161 19 3.2 19.3
0 32.252 11 3.2 19.3
0 32.411 6 3.2 19.3
0 32.45 26 3.2 19.3
0 32.548 10 3.2 19.3
0 32.652 10 3.2 19.3
0 32.759 9 3.2 19.3
0 32.849 11 3.2 19.3
0 32.949 10 3.2 19.3
0 33.05 10 3.2 19.3
0 33.153 10 3.2 19.3
0 33.249 10 3.2 19.3
0 33.361 9 3.2 19.3
0 33.45 11 3.2 19.3
0 33.551 10 3.2 19.3
0 33.765 5 3.2 19.3
0 33.777 87 3.2 19.3
0 33.895 8 3.2 19.3
0 33.989 11 3.2 19.3
0 34.189 5 3.2 19.3
0 34.211 46 3.2 19.3
0 34.312 10 3.2 19.3
0 34.475 6 3.2 19.3
0 34.507 32 3.2 19.3
0 34.613 9 3.2 19.3
0 34.711 10 3.2 19.3
0 34.809 10 3.2 19.3
0 34.913 10 3.2 19.3
0 35.014 10 3.2 19.3
0 35.109 11 3.2 19.3
0 35.212 10 3.2 19.3
0 35.309 10 3.2 19.3
0 35.413 10 3.2 19.3
0 35.528 9 3.2 19.3
0 35.606 13 3.2 19.3
0 35.839 4 3.2 19.3
0 35.853 74 3.2 19.3
0 35.966 9 3.2 19.3
0 36.115 7 3.2 19.3
0 36.275 6 3.2 19.3
0 36.292 58 3.2 19.3
0 36.395 10 3.2 19.3
0 36.555 6 3.2 19.3
0 36.606 20 3.2 19.3
0 36.696 11 3.2 19.3
0 36.801 10 3.2 19.3
0 36.899 10 3.2 19.3
0 37.003 10 3.2 19.3
0 37.101 10 3.2 19.3
0 37.204 10 3.2 19.3
0 37.302 10 3.2 19.3
0 37.399 10 3.2 19.3
0 37.618 5 3.2 19.3
0 37.632 69 3.2 19.3
0 37.866 4 3.2 19.3
0 37.883 62 3.2 19.3
0 37.994 9 3.2 19.3
0 38.089 11 3.2 19.3
0 38.362 4 3.2 19.3
0 38.388 39 3.2 19.3
0 38.487 10 3.2 19.3
0 38.694 5 3.2 19.3
0 38.717 44 3.2 19.3
0 38.818 10 3.2 19.3
0 38.922 10 3.2 19.3
0 39.015 11 3.2 19.3
0 39.119 10 3.2 19.3
0 39.225 9 3.2 19.3
0 39.319 11 3.2 19.3
0 39.424 10 3.2 19.3
0 39.645 5 3.2 19.3
0 39.717 14 3.2 19.3
0 39.838 8 3.2 19.3
0 39.867 35 3.2 19.3
0 39.98 9 3.2 19.3
0 40.07 11 3.2 19.3
0 40.169 10 3.2 19.3
0 40.434 4 3.7 19.3
0 40.516 12 3.7 19.3
0 40.57 19 3.7 19.3
0 40.786 5 3.7 19.3
0 40.808 46 3.7 19.3
0 40.93 8 3.7 19.3
0 41.024 11 3.7 19.3
0 41.116 11 3.7 19.3
0 41.215 10 3.7 19.3
0 41.312 10 3.7 19.3
0 41.407 10 3.7 19.3
0 41.526 8 3.7 19.3
0 41.611 12 3.7 19.3
0 41.83 5 3.7 19.3
0 41.973 7 3.7 19.3
0 41.991 55 3.7 19.3
0 42.117 8 3.7 19.3
0 42.198 12 3.7 19.3
0 42.46 4 3.7 19.3
0 42.484 41 3.7 19.3
0 42.653 6 3.7 19.3
0 42.787 7 3.7 19.3
0 42.809 46 3.7 19.3
0 42.918 9 3.7 19.3
0 43.018 10 3.7 19.3
0 43.113 11 3.7 19.3
0 43.222 9 3.7 19.3
0 43.311 11 3.7 19.3
0 43.413 10 3.7 19.3
0 43.512 10 3.7 19.3
0 43.612 10 3.7 19.3
0 43.844 4 3.7 19.3
0 43.948 10 3.7 19.3
0 43.969 46 3.7 19.3
0 44.077 9 3.7 19.3
0 44.175 10 3.7 19.3
0 44.281 9 3.7 19.3
0 44.552 4 3.7 19.3
0 44.58 36 3.7 19.3
0 44.843 4 3.7 19.3
0 44.868 41 3.7 19.3
0 44.974 9 3.7 19.3
0 45.074 10 3.7 19.3
0 45.171 10 3.7 19.3
0 45.273 10 3.7 19.3
0 45.375 10 3.7 19.3
0 45.471 10 3.7 19.3
0 45.578 9 3.7 19.3
0 45.675 10 3.7 19.3
0 45.939 4 3.7 19.3
0 46.093 7 3.7 19.3
0 46.115 45 3.7 19.3
0 46.227 9 3.7 19.3
0 46.32 11 3.7 19.3
0 46.639 3 3.7 19.3
0 46.67 32 3.7 19.3
0 46.945 4 3.7 19.3
0 46.966 50 3.7 19.3
0 47.074 9 3.7 19.3
0 47.179 10 3.7 19.3
0 47.275 10 3.7 19.3
0 47.377 10 3.7 19.3
0 47.475 10 3.7 19.3
0 47.574 10 3.7 19.3
0 47.674 10 3.7 19.3
0 47.957 4 3.7 19.3
0 48.107 7 3.7 19.3
0 48.134 38 3.7 19.3
0 48.248 9 3.7 19.3
0 48.335 11 3.7 19.3
0 48.662 3 3.7 19.3
0 48.696 29 3.7 19.3
0 48.952 4 3.7 19.3
0 48.978 38 3.7 19.3
0 49.082 10 3.7 19.3
0 49.185 10 3.7 19.3
0 49.287 10 3.7 19.3
0 49.383 10 3.7 19.3
0 49.481 10 3.7 19.3
0 49.583 10 3.7 19.3
0 49.679 10 3.7 19.3
0 49.885 5 3.7 19.3
0 50.016 8 3.7 19.3
0 50.163 7 3.7 19.3
0 50.187 41 3.7 19.3
0 50.296 9 3.7 19.3
0 50.399 10 3.7 19.3
0 50.543 7 4.2 19.4
0 50.721 6 4.2 19.4
0 50.743 46 4.2 19.4
0 51.043 3 4.2 19.4
0 51.07 38 4.2 19.4
0 51.171 10 4.2 19.4
0 51.27 10 4.2 19.4
0 51.377 9 4.2 19.4
0 51.469 11 4.2 19.4
0 51.58 9 4.2 19.4
0 51.677 10 4.2 19.4
0 51.772 10 4.2 19.4
0 52.093 3 4.2 19.4
0 52.277 5 4.2 19.4
0 52.288 86 4.2 19.4
0 52.405 9 4.2 19.4
0 52.506 10 4.2 19.4
0 52.774 4 4.2 19.4
0 52.811 28 4.2 19.4
0 53.067 4 4.2 19.4
0 53.088 48 4.2 19.4
0 53.203 9 4.2 19.4
0 53.293 11 4.2 19.4
0 53.399 9 4.2 19.4
0 53.541 7 4.2 19.4
0 53.602 16 4.2 19.4
0 53.692 11 4.2 19.4
0 53.798 9 4.2 19.4
0 54.113 3 4.2 19.4
0 54.311 5 4.2 19.4
0 54.335 42 4.2 19.4
0 54.445 9 4.2 19.4
0 54.537 11 4.2 19.4
0 54.792 4 4.2 19.4
0 54.824 32 4.2 19.4
0 54.985 6 4.2 19.4
0 55.018 30 4.2 19.4
0 55.122 10 4.2 19.4
0 55.227 9 4.2 19.4
0 55.327 10 4.2 19.4
0 55.421 11 4.2 19.4
0 55.523 10 4.2 19.4
0 55.626 10 4.2 19.4
0 55.721 10 4.2 19.4
0 55.824 10 4.2 19.4
0 56.151 3 4.2 19.4
0 56.353 5 4.2 19.4
0 56.375 45 4.2 19.4
0 56.484 9 4.2 19.4
0 56.586 10 4.2 19.4
0 56.848 4 4.2 19.4
0 56.887 25 4.2 19.4
0 57.081 5 4.2 19.4
0 57.122 24 4.2 19.4
0 57.205 12 4.2 19.4
0 57.341 7 4.2 19.4
0 57.427 12 4.2 19.4
0 57.513 12 4.2 19.4
0 57.613 10 4.2 19.4
0 57.711 10 4.2 19.4
0 57.814 10 4.2 19.4
0 57.912 10 4.2 19.4
0 58.236 3 4.2 19.4
0 58.434 5 4.2 19.4
0 58.453 55 4.2 19.4
0 58.603 7 4.2 19.4
0 58.666 16 4.2 19.4
0 58.924 4 4.2 19.4
0 58.957 31 4.2 19.4
0 59.16 5 4.2 19.4
0 59.176 63 4.2 19.4
0 59.283 9 4.2 19.4
0 59.386 10 4.2 19.4
0 59.487 10 4.2 19.4
0 59.585 10 4.2 19.4
0 59.69 10 4.2 19.4
0 59.783 11 4.2 19.4
0 59.885 10 4.2 19.4
0 59.992 9 4.2 19.4
0 60.08 11 4.2 19.4
0 60.3 5 4.2 19.4
0 60.498 5 4.2 19.4
0 60.519 48 4.2 19.4
0 60.628 9 3.9 19.4
0 60.751 8 3.9 19.4
0 60.994 4 3.9 19.4
0 61.016 45 3.9 19.4
0 61.227 5 3.9 19.4
0 61.25 44 3.9 19.4
0 61.352 10 3.9 19.4
0 61.449 10 3.9 19.4
0 61.59 7 3.9 19.4
0 61.654 16 3.9 19.4
0 61.749 10 3.9 19.4
0 61.847 10 3.9 19.4
0 62.014 6 3.9 19.4
0 62.062 21 3.9 19.4
0 62.165 10 3.9 19.4
0 62.396 4 3.9 19.4
0 62.589 5 3.9 19.4
0 62.61 47 3.9 19.4
0 62.719 9 3.9 19.4
0 62.848 8 3.9 19.4
0 62.976 8 3.9 19.4
0 63.013 27 3.9 19.4
0 63.114 10 3.9 19.4
0 63.328 5 3.9 19.4
0 63.354 40 3.9 19.4
0 63.452 10 3.9 19.4
0 63.552 10 3.9 19.4
0 63.683 8 3.9 19.4
0 63.766 12 3.9 19.4
0 63.863 10 3.9 19.4
0 63.951 11 3.9 19.4
0 64.109 6 3.9 19.4
0 64.152 23 3.9 19.4
0 64.257 10 3.9 19.4
0 64.476 5 3.9 19.4
0 64.657 6 3.9 19.4
0 64.673 60 3.9 19.4
0 64.79 9 3.9 19.4
0 64.886 10 3.9 19.4
0 65.074 5 3.9 19.4
0 65.082 120 3.9 19.4
0 65.198 9 3.9 19.4
0 65.406 5 3.9 19.4
0 65.437 33 3.9 19.4
0 65.53 11 3.9 19.4
0 65.633 10 3.9 19.4
0 65.729 10 3.9 19.4
0 65.832 10 3.9 19.4
0 65.931 10 3.9 19.4
0 66.033 10 3.9 19.4
0 66.193 6 3.9 19.4
0 66.227 29 3.9 19.4
0 66.329 10 3.9 19.4
0 66.432 10 3.9 19.4
0 66.777 3 3.9 19.4
0 66.793 62 3.9 19.4
0 66.9 9 3.9 19.4
0 67.061 6 3.9 19.4
0 67.098 27 3.9 19.4
0 67.198 10 3.9 19.4
0 67.447 4 3.9 19.4
0 67.457 107 3.9 19.4
0 67.578 8 3.9 19.4
0 67.67 11 3.9 19.4
0 67.771 10 3.9 19.4
0 67.91 7 3.9 19.4
0 67.98 14 3.9 19.4
0 68.072 11 3.9 19.4
0 68.24 6 3.9 19.4
0 68.268 35 3.9 19.4
0 68.373 9 3.9 19.4
0 68.469 10 3.9 19.4
0 68.816 3 3.9 19.4
0 68.826 100 3.9 19.4
0 68.94 9 3.9 19.4
0 69.091 7 3.9 19.4
0 69.139 21 3.9 19.4
0 69.234 10 3.9 19.4
0 69.448 5 3.9 19.4
0 69.461 76 3.9 19.4
0 69.565 10 3.9 19.4
0 69.663 10 3.9 19.4
0 69.764 10 3.9 19.4
0 69.863 10 3.9 19.4
0 69.975 9 3.9 19.4
0 70.098 8 3.9 19.4
0 70.171 14 3.9 19.4
0 70.326 6 3.9 19.4
0 70.37 23 3.9 19.4
0 70.476 9 3.9 19.4
0 70.746 4 3.6 19.5
0 70.757 96 3.6 19.5
0 70.878 8 3.6 19.5
0 70.965 11 3.6 19.5
0 71.137 6 3.6 19.5
0 71.162 40 3.6 19.5
0 71.275 9 3.6 19.5
0 71.363 11 3.6 19.5
0 71.466 10 3.6 19.5
0 71.564 10 3.6 19.5
0 71.676 9 3.6 19.5
0 71.8 8 3.6 19.5
0 71.864 16 3.6 19.5
0 71.965 10 3.6 19.5
0 72.067 10 3.6 19.5
0 72.163 10 3.6 19.5
0 72.348 5 3.6 19.5
0 72.364 64 3.6 19.5
0 72.5 7 3.6 19.5
0 72.671 6 3.6 19.5
0 72.683 80 3.6 19.5
0 72.793 9 3.6 19.5
0 72.925 8 3.6 19.5
0 72.988 16 3.6 19.5
0 73.148 6 3.6 19.5
0 73.19 24 3.6 19.5
0 73.285 11 3.6 19.5
0 73.394 9 3.6 19.5
0 73.493 10 3.6 19.5
0 73.587 11 3.6 19.5
0 73.688 10 3.6 19.5
0 73.817 8 3.6 19.5
0 73.895 13 3.6 19.5
0 73.994 10 3.6 19.5
0 74.088 11 3.6 19.5
0 74.187 10 3.6 19.5
0 74.347 6 3.6 19.5
0 74.391 23 3.6 19.5
0 74.499 9 3.6 19.5
0 74.695 5 3.6 19.5
0 74.707 82 3.6 19.5
0 74.814 9 3.6 19.5
0 74.912 10 3.6 19.5
0 75.03 8 3.6 19.5
0 75.205 6 3.6 19.5
0 75.209 226 3.6 19.5
0 75.326 9 3.6 19.5
0 75.422 10 3.6 19.5
0 75.53 9 3.6 19.5
0 75.622 11 3.6 19.5
0 75.786 6 3.6 19.5
0 75.825 26 3.6 19.5
0 76.045 5 3.6 19.5
0 76.06 68 3.6 19.5
0 76.167 9 3.6 19.5
0 76.262 10 3.6 19.5
0 76.828 2 3.6 19.5
0 76.991 6 3.6 19.5
0 77.016 40 3.6 19.5
0 77.119 10 3.6 19.5
0 77.274 6 3.6 19.5
0 77.315 25 3.6 19.5
0 77.418 10 3.6 19.5
0 77.548 8 3.6 19.5
0 77.624 13 3.6 19.5
0 77.713 11 3.6 19.5
0 77.821 9 3.6 19.5
0 77.944 8 3.6 19.5
0 78.03 12 3.6 19.5
0 78.181 7 3.6 19.5
0 78.215 29 3.6 19.5
0 78.315 10 3.6 19.5
0 78.522 5 3.6 19.5
0 78.546 42 3.6 19.5
0 78.757 5 3.6 19.5
0 78.771 71 3.6 19.5
0 79.074 3 3.6 19.5
0 79.104 33 3.6 19.5
0 79.203 10 3.6 19.5
0 79.362 6 3.6 19.5
0 79.396 29 3.6 19.5
0 79.499 10 3.6 19.5
0 79.611 9 3.6 19.5
0 79.705 11 3.6 19.5
0 79.802 10 3.6 19.5
0 79.901 10 3.6 19.5
0 79.994 11 3.6 19.5
0 80.105 9 3.6 19.5
0 80.299 5 3.6 19.5
0 80.321 46 3.6 19.5
0 80.526 5 3.6 19.5
0 80.547 48 3.6 19.5
0 80.773 4 3.9 19.6
0 80.846 14 3.9 19.6
0 81.07 4 3.9 19.6
0 81.087 59 3.9 19.6
0 81.194 9 3.9 19.6
0 81.294 10 3.9 19.6
0 81.504 5 3.9 19.6
0 81.518 73 3.9 19.6
0 81.628 9 3.9 19.6
0 81.727 10 3.9 19.6
0 81.832 10 3.9 19.6
0 81.924 11 3.9 19.6
0 82.071 7 3.9 19.6
0 82.147 13 3.9 19.6
0 82.23 12 3.9 19.6
0 82.389 6 3.9 19.6
0 82.561 6 3.9 19.6
0 82.577 66 3.9 19.6
0 82.807 4 3.9 19.6
0 82.821 71 3.9 19.6
0 82.958 7 3.9 19.6
0 83.097 7 3.9 19.6
0 83.133 27 3.9 19.6
0 83.229 11 3.9 19.6
0 83.334 9 3.9 19.6
0 83.49 6 3.9 19.6
0 83.532 24 3.9 19.6
0 83.645 9 3.9 19.6
0 83.73 12 3.9 19.6
0 83.832 10 3.9 19.6
0 83.93 10 3.9 19.6
0 84.057 8 3.9 19.6
0 84.137 12 3.9 19.6
0 84.246 9 3.9 19.6
0 84.391 7 3.9 19.6
0 84.539 7 3.9 19.6
0 84.556 57 3.9 19.6
0 84.663 9 3.9 19.6
0 84.897 4 3.9 19.6
0 84.921 42 3.9 19.6
0 85.021 10 3.9 19.6
0 85.178 6 3.9 19.6
0 85.239 16 3.9 19.6
0 85.337 10 3.9 19.6
0 85.426 11 3.9 19.6
0 85.582 6 3.9 19.6
0 85.618 28 3.9 19.6
0 85.722 10 3.9 19.6
0 85.886 6 3.9 19.6
0 85.928 24 3.9 19.6
0 86.023 10 3.9 19.6
0 86.121 10 3.9 19.6
0 86.22 10 3.9 19.6
0 86.32 10 3.9 19.6
0 86.484 6 3.9 19.6
0 86.626 7 3.9 19.6
0 86.643 60 3.9 19.6
0 86.75 9 3.9 19.6
0 86.955 5 3.9 19.6
0 86.981 38 3.9 19.6
0 87.112 8 3.9 19.6
0 87.219 9 3.9 19.6
0 87.284 16 3.9 19.6
0 87.376 11 3.9 19.6
0 87.485 9 3.9 19.6
0 87.715 4 3.9 19.6
0 87.729 76 3.9 19.6
0 87.838 9 3.9 19.6
0 87.966 8 3.9 19.6
0 88.059 11 3.9 19.6
0 88.141 12 3.9 19.6
0 88.243 10 3.9 19.6
0 88.337 11 3.9 19.6
0 88.495 6 3.9 19.6
0 88.648 7 3.9 19.6
0 88.668 50 3.9 19.6
0 88.775 9 3.9 19.6
0 88.984 5 3.9 19.6
0 89.002 53 3.9 19.6
0 89.126 8 3.9 19.6
0 89.278 7 3.9 19.6
0 89.313 29 3.9 19.6
0 89.404 11 3.9 19.6
0 89.508 10 3.9 19.6
0 89.718 5 3.9 19.6
0 89.734 62 3.9 19.6
0 89.849 9 3.9 19.6
0 89.938 11 3.9 19.6
0 90.038 10 3.9 19.6
0 90.144 9 3.9 19.6
0 90.29 7 3.9 19.6
0 90.358 15 3.9 19.6
0 90.503 7 3.9 19.6
0 90.647 7 3.9 19.6
0 90.666 53 3.9 19.6
0 90.782 9 3.9 19.7
0 91.113 3 3.9 19.7
0 91.138 39 3.9 19.7
0 91.297 6 3.9 19.7
0 91.343 22 3.9 19.7
0 91.439 10 3.9 19.7
0 91.549 9 3.9 19.7
0 91.744 5 3.9 19.7
0 91.765 48 3.9 19.7
0 91.874 9 3.9 19.7
0 91.969 10 3.9 19.7
0 92.078 9 3.9 19.7
0 92.211 8 3.9 19.7
0 92.336 8 3.9 19.7
0 92.382 22 3.9 19.7
0 92.59 5 3.9 19.7
0 92.729 7 3.9 19.7
0 92.743 69 3.9 19.7
0 92.853 9 3.9 19.7
0 93.125 4 3.9 19.7
0 93.149 42 3.9 19.7
0 93.313 6 3.9 19.7
0 93.347 29 3.9 19.7
0 93.448 10 3.9 19.7
0 93.551 10 3.9 19.7
0 93.757 5 3.9 19.7
0 93.773 62 3.9 19.7
0 93.886 9 3.9 19.7
0 93.982 10 3.9 19.7
0 94.085 10 3.9 19.7
0 94.181 10 3.9 19.7
0 94.29 9 3.9 19.7
0 94.38 11 3.9 19.7
0 94.589 5 3.9 19.7
0 94.613 41 3.9 19.7
0 94.713 10 3.9 19.7
0 94.812 10 3.9 19.7
0 94.911 10 3.9 19.7
0 95.185 4 3.9 19.7
0 95.212 37 3.9 19.7
0 95.373 6 3.9 19.7
0 95.404 32 3.9 19.7
0 95.509 9 3.9 19.7
0 95.608 10 3.9 19.7
0 95.832 4 3.9 19.7
0 95.842 97 3.9 19.7
0 95.962 8 3.9 19.7
0 96.052 11 3.9 19.7
0 96.198 7 3.9 19.7
0 96.261 16 3.9 19.7
0 96.37 9 3.9 19.7
0 96.453 12 3.9 19.7
0 96.653 5 3.9 19.7
0 96.668 66 3.9 19.7
0 96.775 9 3.9 19.7
0 96.894 8 3.9 19.7
0 96.974 12 3.9 19.7
0 97.234 4 3.9 19.7
0 97.251 57 3.9 19.7
0 97.446 5 3.9 19.7
0 97.471 39 3.9 19.7
0 97.571 10 3.9 19.7
0 97.672 10 3.9 19.7
0 97.761 11 3.9 19.7
0 97.865 10 3.9 19.7
0 97.978 9 3.9 19.7
0 98.066 11 3.9 19.7
0 98.165 10 3.9 19.7
0 98.265 10 3.9 19.7
0 98.367 10 3.9 19.7
0 98.466 10 3.9 19.7
0 98.683 5 3.9 19.7
0 98.698 66 3.9 19.7
0 98.804 9 3.9 19.7
0 98.904 10 3.9 19.7
0 99.004 10 3.9 19.7
0 99.278 4 3.9 19.7
0 99.297 53 3.9 19.7
0 99.459 6 3.9 19.7
0 99.499 25 3.9 19.7
0 99.598 10 3.9 19.7
0 99.705 9 3.9 19.7
0 99.8 11 3.9 19.7
0 99.897 10 3.9 19.7
0 100.001 10 3.9 19.7
0 100.098 10 3.9 19.7
0 100.207 9 3.9 19.7
0 100.3 11 3.9 19.7
0 100.399 10 3.9 19.7
0 100.5 10 3.9 19.7
0 100.708 5 3.9 19.7
0 100.732 42 3.9 19.7
0 100.833 10 3.7 19.6
0 100.992 6 3.7 19.6
0 101.035 23 3.7 19.6
0 101.304 4 3.7 19.6
0 101.34 28 3.7 19.6
0 101.488 7 3.7 19.6
0 101.528 25 3.7 19.6
0 101.629 10 3.7 19.6
0 101.732 10 3.7 19.6
0 101.839 9 3.7 19.6
0 101.932 11 3.7 19.6
0 102.084 7 3.7 19.6
0 102.132 21 3.7 19.6
0 102.233 10 3.7 19.6
0 102.334 10 3.7 19.6
0 102.445 9 3.7 19.6
0 102.532 12 3.7 19.6
0 102.737 5 3.7 19.6
0 102.758 48 3.7 19.6
0 102.864 9 3.7 19.6
0 102.976 9 3.7 19.6
0 103.119 7 3.7 19.6
0 103.372 4 3.7 19.6
0 103.394 45 3.7 19.6
0 103.616 5 3.7 19.6
0 103.645 35 3.7 19.6
0 103.739 11 3.7 19.6
0 103.842 10 3.7 19.6
0 103.946 10 3.7 19.6
0 104.066 8 3.7 19.6
0 104.202 7 3.7 19.6
0 104.239 27 3.7 19.6
0 104.344 10 3.7 19.6
0 104.442 10 3.7 19.6
0 104.544 10 3.7 19.6
0 104.758 5 3.7 19.6
0 104.779 48 3.7 19.6
0 104.889 9 3.7 19.6
0 104.983 11 3.7 19.6
0 105.152 6 3.7 19.6
0 105.236 12 3.7 19.6
0 105.397 6 3.7 19.6
0 105.416 54 3.7 19.6
0 105.618 5 3.7 19.6
0 105.637 52 3.7 19.6
0 105.754 9 3.7 19.6
0 105.845 11 3.7 19.6
0 105.943 10 3.7 19.6
0 106.041 10 3.7 19.6
0 106.199 6 3.7 19.6
0 106.244 22 3.7 19.6
0 106.353 9 3.7 19.6
0 106.441 11 3.7 19.6
0 106.541 10 3.7 19.6
0 106.641 10 3.7 19.6
0 106.861 5 3.7 19.6
0 106.887 40 3.7 19.6
0 106.981 11 3.7 19.6
0 107.143 6 3.7 19.6
0 107.237 11 3.7 19.6
0 107.283 22 3.7 19.6
0 107.39 9 3.7 19.6
0 107.479 11 3.7 19.6
0 107.646 6 3.7 19.6
0 107.684 26 3.7 19.6
0 107.784 10 3.7 19.6
0 107.882 10 3.7 19.6
0 107.99 9 3.7 19.6
0 108.083 11 3.7 19.6
0 108.244 6 3.7 19.6
0 108.285 24 3.7 19.6
0 108.384 10 3.7 19.6
0 108.484 10 3.7 19.6
0 108.591 9 3.7 19.6
0 108.682 11 3.7 19.6
0 108.787 9 3.7 19.6
0 108.886 10 3.7 19.6
0 108.982 10 3.7 19.6
0 109.16 6 3.7 19.6
0 109.285 8 3.7 19.6
0 109.309 43 3.7 19.6
0 109.409 10 3.7 19.6
0 109.508 10 3.7 19.6
0 109.713 5 3.7 19.6
0 109.743 33 3.7 19.6
0 109.837 11 3.7 19.6
0 109.932 10 3.7 19.6
0 110.036 10 3.7 19.6
0 110.131 10 3.7 19.6
0 110.349 5 3.7 19.6
0 110.371 45 3.7 19.6
0 110.472 10 3.7 19.6
0 110.57 10 3.7 19.6
0 110.67 10 3.7 19.6
0 110.774 10 3.7 19.6
0 110.878 10 4.6 19.4
0 110.971 11 4.6 19.4
0 111.07 10 4.6 19.4
0 111.289 5 4.6 19.4
0 111.311 47 4.6 19.4
0 111.42 9 4.6 19.4
0 111.51 11 4.6 19.4
0 111.718 5 4.6 19.4
0 111.735 59 4.6 19.4
0 111.843 9 4.6 19.4
0 111.965 8 4.6 19.4
0 112.041 13 4.6 19.4
0 112.139 10 4.6 19.4
0 112.352 5 4.6 19.4
0 112.37 55 4.6 19.4
0 112.482 9 4.6 19.4
0 112.574 11 4.6 19.4
0 112.68 9 4.6 19.4
0 112.773 11 4.6 19.4
0 112.878 10 4.6 19.4
0 112.973 11 4.6 19.4
0 113.084 9 4.6 19.4
0 113.333 4 4.6 19.4
0 113.354 46 4.6 19.4
0 113.461 9 4.6 19.4
0 113.556 10 4.6 19.4
0 113.676 8 4.6 19.4
0 113.754 13 4.6 19.4
0 113.855 10 4.6 19.4
0 113.957 10 4.6 19.4
0 114.062 10 4.6 19.4
0 114.161 10 4.6 19.4
0 114.362 5 4.6 19.4
0 114.382 49 4.6 19.4
0 114.486 10 4.6 19.4
0 114.72 4 4.6 19.4
0 114.734 71 4.6 19.4
0 114.846 9 4.6 19.4
0 114.946 10 4.6 19.4
0 115.044 10 4.6 19.4
0 115.153 9 4.6 19.4
0 115.415 4 4.6 19.4
0 115.431 63 4.6 19.4
0 115.54 9 4.6 19.4
0 115.636 10 4.6 19.4
0 115.99 3 4.6 19.4
0 116.012 45 4.6 19.4
0 116.114 10 4.6 19.4
0 116.212 10 4.6 19.4
0 116.425 5 4.6 19.4
0 116.443 54 4.6 19.4
0 116.551 9 4.6 19.4
0 116.648 10 4.6 19.4
0 116.852 5 4.6 19.4
0 116.88 36 4.6 19.4
0 117.009 8 4.6 19.4
0 117.077 15 4.6 19.4
0 117.179 10 4.6 19.4
0 117.33 7 4.6 19.4
0 117.386 18 4.6 19.4
0 117.473 11 4.6 19.4
0 117.581 9 4.6 19.4
0 117.677 10 4.6 19.4
0 117.779 10 4.6 19.4
0 118.032 4 4.6 19.4
0 118.054 45 4.6 19.4
0 118.164 9 4.6 19.4
0 118.251 11 4.6 19.4
0 118.46 5 4.6 19.4
0 118.607 7 4.6 19.4
0 118.624 60 4.6 19.4
0 118.732 9 4.6 19.4
0 118.947 5 4.6 19.4
0 118.966 51 4.6 19.4
0 119.07 10 4.6 19.4
0 119.17 10 4.6 19.4
0 119.275 9 4.6 19.4
0 119.435 6 4.6 19.4
0 119.467 31 4.6 19.4
0 119.566 10 4.6 19.4
0 119.674 9 4.6 19.4
0 119.765 11 4.6 19.4
0 119.872 9 4.6 19.4
0 120.03 6 4.6 19.4
0 120.068 26 4.6 19.4
0 120.165 10 4.6 19.4
0 120.269 10 4.6 19.4
0 120.535 4 4.6 19.4
0 120.554 53 4.6 19.4
0 120.717 6 4.6 19.4
0 120.756 26 4.6 19.4
0 120.979 4 4.4 19.3
0 120.999 50 4.4 19.3
0 121.112 9 4.4 19.3
0 121.201 11 4.4 19.3
0 121.299 10 4.4 19.3
0 121.46 6 4.4 19.3
0 121.503 23 4.4 19.3
0 121.602 10 4.4 19.3
0 121.708 9 4.4 19.3
0 121.8 11 4.4 19.3
0 121.9 10 4.4 19.3
0 122.102 5 4.4 19.3
0 122.118 64 4.4 19.3
0 122.232 9 4.4 19.3
0 122.325 11 4.4 19.3
0 122.589 4 4.4 19.3
0 122.614 41 4.4 19.3
0 122.781 6 4.4 19.3
0 122.813 31 4.4 19.3
0 123.03 5 4.4 19.3
0 123.051 47 4.4 19.3
0 123.158 9 4.4 19.3
0 123.251 11 4.4 19.3
0 123.357 9 4.4 19.3
0 123.517 6 4.4 19.3
0 123.557 25 4.4 19.3
0 123.662 9 4.4 19.3
0 123.753 11 4.4 19.3
0 123.859 9 4.4 19.3
0 123.953 11 4.4 19.3
0 124.115 6 4.4 19.3
0 124.153 27 4.4 19.3
0 124.263 9 4.4 19.3
0 124.352 11 4.4 19.3
0 124.627 4 4.4 19.3
0 124.644 60 4.4 19.3
0 124.817 6 4.4 19.3
0 124.855 26 4.4 19.3
0 124.958 10 4.4 19.3
0 125.107 7 4.4 19.3
0 125.151 23 4.4 19.3
0 125.243 11 4.4 19.3
0 125.352 9 4.4 19.3
0 125.453 10 4.4 19.3
0 125.658 5 4.4 19.3
0 125.674 65 4.4 19.3
0 125.784 9 4.4 19.3
0 125.88 10 4.4 19.3
0 125.982 10 4.4 19.3
0 126.293 3 4.4 19.3
0 126.31 57 4.4 19.3
0 126.42 9 4.4 19.3
0 126.597 6 4.4 19.3
0 126.611 71 4.4 19.3
0 126.784 6 4.4 19.3
0 126.891 9 4.4 19.3
0 126.926 28 4.4 19.3
0 127.172 4 4.4 19.3
0 127.191 53 4.4 19.3
0 127.301 9 4.4 19.3
0 127.399 10 4.4 19.3
0 127.498 10 4.4 19.3
0 127.756 4 4.4 19.3
0 127.772 62 4.4 19.3
0 127.88 9 4.4 19.3
0 127.984 10 4.4 19.3
0 128.082 10 4.4 19.3
0 128.183 10 4.4 19.3
0 128.403 5 4.4 19.3
0 128.426 44 4.4 19.3
0 128.59 6 4.4 19.3
0 128.63 25 4.4 19.3
0 128.729 10 4.4 19.3
0 128.947 5 4.4 19.3
0 128.977 33 4.4 19.3
0 129.203 4 4.4 19.3
0 129.224 49 4.4 19.3
0 129.333 9 4.4 19.3
0 129.432 10 4.4 19.3
0 129.53 10 4.4 19.3
0 129.737 5 4.4 19.3
0 129.756 53 4.4 19.3
0 129.866 9 4.4 19.3
0 129.963 10 4.4 19.3
0 130.066 10 4.4 19.3
0 130.163 10 4.4 19.3
0 130.265 10 4.4 19.3
0 130.482 5 4.4 19.3
0 130.508 38 4.4 19.3
0 130.669 6 4.4 19.3
0 130.705 28 4.4 19.3
0 130.826 8 4.4 19.3
0 131.072 4 4.1 19.3
0 131.232 6 4.1 19.3
0 131.259 37 4.1 19.3
0 131.373 9 4.1 19.3
0 131.467 11 4.1 19.3
0 131.637 6 4.1 19.3
0 131.781 7 4.1 19.3
0 131.804 42 4.1 19.3
0 131.92 9 4.1 19.3
0 132.009 11 4.1 19.3
0 132.107 10 4.1 19.3
0 132.261 6 4.1 19.3
0 132.308 21 4.1 19.3
0 132.533 4 4.1 19.3
0 132.556 45 4.1 19.3
0 132.722 6 4.1 19.3
0 132.758 28 4.1 19.3
0 132.864 9 4.1 19.3
0 133.13 4 4.1 19.3
0 133.328 5 4.1 19.3
0 133.355 38 4.1 19.3
0 133.462 9 4.1 19.3
0 133.557 11 4.1 19.3
0 133.721 6 4.1 19.3
0 133.86 7 4.1 19.3
0 133.883 44 4.1 19.3
0 133.992 9 4.1 19.3
0 134.087 11 4.1 19.3
0 134.188 10 4.1 19.3
0 134.301 9 4.1 19.3
0 134.393 11 4.1 19.3
0 134.672 4 4.1 19.3
0 134.766 11 4.1 19.3
0 134.808 24 4.1 19.3
0 134.909 10 4.1 19.3
0 135.17 4 4.1 19.3
0 135.375 5 4.1 19.3
0 135.404 35 4.1 19.3
0 135.512 9 4.1 19.3
0 135.603 11 4.1 19.3
0 135.772 6 4.1 19.3
0 135.92 7 4.1 19.3
0 135.948 37 4.1 19.3
0 136.052 10 4.1 19.3
0 136.143 11 4.1 19.3
0 136.259 9 4.1 19.3
0 136.351 11 4.1 19.3
0 136.471 8 4.1 19.3
0 136.738 4 4.1 19.3
0 136.826 11 4.1 19.3
0 136.871 22 4.1 19.3
0 136.976 10 4.1 19.3
0 137.242 4 4.1 19.3
0 137.438 5 4.1 19.3
0 137.47 32 4.1 19.3
0 137.584 9 4.1 19.3
0 137.68 10 4.1 19.3
0 137.875 5 4.1 19.3
0 138.016 7 4.1 19.3
0 138.044 35 4.1 19.3
0 138.163 8 4.1 19.3
0 138.254 11 4.1 19.3
0 138.342 11 4.1 19.3
0 138.444 10 4.1 19.3
0 138.547 10 4.1 19.3
0 138.936 3 4.1 19.3
0 138.967 33 4.1 19.3
0 139.067 10 4.1 19.3
0 139.328 4 4.1 19.3
0 139.537 5 4.1 19.3
0 139.569 31 4.1 19.3
0 139.672 10 4.1 19.3
0 139.764 11 4.1 19.3
0 139.977 5 4.1 19.3
0 140.123 7 4.1 19.3
0 140.149 39 4.1 19.3
0 140.259 9 4.1 19.3
0 140.356 10 4.1 19.3
0 140.458 10 4.1 19.3
0 140.56 10 4.1 19.3
0 140.95 3 4.1 19.3
0 140.979 34 4.1 19.3
0 141.085 9 4.4 19.3
0 141.353 4 4.4 19.3
0 141.561 5 4.4 19.3
0 141.602 25 4.4 19.3
0 141.706 10 4.4 19.3
0 141.808 10 4.4 19.3
0 141.997 5 4.4 19.3
0 142.151 6 4.4 19.3
0 142.176 40 4.4 19.3
0 142.289 9 4.4 19.3
0 142.384 11 4.4 19.3
0 142.498 9 4.4 19.3
0 142.58 12 4.4 19.3
0 142.971 3 4.4 19.3
0 143.004 31 4.4 19.3
0 143.106 10 4.4 19.3
0 143.43 3 4.4 19.3
0 143.686 4 4.4 19.3
0 143.722 28 4.4 19.3
0 143.822 10 4.4 19.3
0 144.018 5 4.4 19.3
0 144.043 41 4.4 19.3
0 144.153 9 4.4 19.3
0 144.259 9 4.4 19.3
0 144.361 10 4.4 19.3
0 144.449 11 4.4 19.3
0 144.547 10 4.4 19.3
0 144.654 9 4.4 19.3
0 145.089 2 4.4 19.3
0 145.121 32 4.4 19.3
0 145.388 4 4.4 19.3
0 145.42 31 4.4 19.3
0 145.725 3 4.4 19.3
0 145.757 32 4.4 19.3
0 145.862 9 4.4 19.3
0 146.065 5 4.4 19.3
0 146.094 35 4.4 19.3
0 146.199 9 4.4 19.3
0 146.298 10 4.4 19.3
0 146.391 11 4.4 19.3
0 146.494 10 4.4 19.3
0 146.643 7 4.4 19.3
0 146.71 15 4.4 19.3
0 147.145 2 4.4 19.3
0 147.173 36 4.4 19.3
0 147.279 9 4.4 19.3
0 147.442 6 4.4 19.3
0 147.473 32 4.4 19.3
0 147.815 3 4.4 19.3
0 147.835 50 4.4 19.3
0 147.948 9 4.4 19.3
0 148.155 5 4.4 19.3
0 148.186 32 4.4 19.3
0 148.28 11 4.4 19.3
0 148.384 10 4.4 19.3
0 148.483 10 4.4 19.3
0 148.58 10 4.4 19.3
0 148.686 10 4.4 19.3
0 148.781 10 4.4 19.3
0 149.249 2 4.4 19.3
0 149.344 11 4.4 19.3
0 149.433 11 4.4 19.3
0 149.475 24 4.4 19.3
0 149.691 5 4.4 19.3
0 149.711 50 4.4 19.3
0 149.829 8 4.4 19.3
0 149.923 11 4.4 19.3
0 150.021 10 4.4 19.3
0 150.261 4 4.4 19.3
0 150.27 108 4.4 19.3
0 150.394 8 4.4 19.3
0 150.491 10 4.4 19.3
0 150.584 11 4.4 19.3
0 150.691 9 4.4 19.3
0 150.792 10 4.4 19.3
0 151.272 2 3.8 19.3
0 151.296 41 3.8 19.3
0 151.461 6 3.8 19.3
0 151.501 25 3.8 19.3
0 151.707 5 3.8 19.3
0 151.727 49 3.8 19.3
0 151.845 9 3.8 19.3
0 151.931 12 3.8 19.3
0 152.037 9 3.8 19.3
0 152.283 4 3.8 19.3
0 152.296 79 3.8 19.3
0 152.418 8 3.8 19.3
0 152.506 11 3.8 19.3
0 152.616 9 3.8 19.3
0 152.716 10 3.8 19.3
0 152.824 9 3.8 19.3
0 153.286 2 3.8 19.3
0 153.312 38 3.8 19.3
0 153.47 6 3.8 19.3
0 153.509 26 3.8 19.3
0 153.716 5 3.8 19.3
0 153.736 49 3.8 19.3
0 153.855 8 3.8 19.3
0 153.939 12 3.8 19.3
0 154.05 9 3.8 19.3
0 154.139 11 3.8 19.3
0 154.237 10 3.8 19.3
0 154.349 9 3.8 19.3
0 154.445 10 3.8 19.3
0 154.538 11 3.8 19.3
0 154.639 10 3.8 19.3
0 154.741 10 3.8 19.3
0 154.842 10 3.8 19.3
0 155.117 4 3.8 19.3
0 155.133 61 3.8 19.3
0 155.348 5 3.8 19.3
0 155.37 45 3.8 19.3
0 155.579 5 3.8 19.3
0 155.605 39 3.8 19.3
0 155.82 5 3.8 19.3
0 155.843 43 3.8 19.3
0 155.952 9 3.8 19.3
0 156.056 10 3.8 19.3
0 156.158 10 3.8 19.3
0 156.278 8 3.8 19.3
0 156.362 12 3.8 19.3
0 156.449 11 3.8 19.3
0 156.547 10 3.8 19.3
0 156.653 9 3.8 19.3
0 156.748 10 3.8 19.3
0 156.854 9 3.8 19.3
0 157.17 3 3.8 19.3
0 157.199 34 3.8 19.3
0 157.422 4 3.8 19.3
0 157.45 37 3.8 19.3
0 157.666 5 3.8 19.3
0 157.703 28 3.8 19.3
0 157.923 5 3.8 19.3
0 157.938 65 3.8 19.3
0 158.051 9 3.8 19.3
0 158.151 10 3.8 19.3
0 158.255 10 3.8 19.3
0 158.349 11 3.8 19.3
0 158.451 10 3.8 19.3
0 158.551 10 3.8 19.3
0 158.649 10 3.8 19.3
0 158.751 10 3.8 19.3
0 158.856 10 3.8 19.3
0 159.171 3 3.8 19.3
0 159.189 55 3.8 19.3
0 159.41 5 3.8 19.3
0 159.43 52 3.8 19.3
0 159.531 10 3.8 19.3
0 159.746 5 3.8 19.3
0 159.767 46 3.8 19.3
0 159.983 5 3.8 19.3
0 159.998 65 3.8 19.3
0 160.149 7 3.8 19.3
0 160.212 16 3.8 19.3
0 160.308 10 3.8 19.3
0 160.399 11 3.8 19.3
0 160.508 9 3.8 19.3
0 160.605 10 3.8 19.3
0 160.706 10 3.8 19.3
0 160.802 10 3.8 19.3
0 160.905 10 3.8 19.3
0 161.011 9 3.8 19.3
0 161.21 5 3.8 19.3
0 161.232 47 3.8 19.3
0 161.437 5 3.4 19.3
0 161.455 55 3.4 19.3
0 161.564 9 3.4 19.3
0 161.772 5 3.4 19.3
0 161.796 42 3.4 19.3
0 161.895 10 3.4 19.3
0 161.991 10 3.4 19.3
0 162.1 9 3.4 19.3
0 162.193 11 3.4 19.3
0 162.298 9 3.4 19.3
0 162.393 11 3.4 19.3
0 162.517 8 3.4 19.3
0 162.603 12 3.4 19.3
0 162.722 8 3.4 19.3
0 162.791 14 3.4 19.3
0 162.9 9 3.4 19.3
0 163.015 9 3.4 19.3
0 163.105 11 3.4 19.3
0 163.298 5 3.4 19.3
0 163.317 51 3.4 19.3
0 163.533 5 3.4 19.3
0 163.549 64 3.4 19.3
0 163.663 9 3.4 19.3
0 163.859 5 3.4 19.3
0 163.873 71 3.4 19.3
0 163.984 9 3.4 19.3
0 164.076 11 3.4 19.3
0 164.187 9 3.4 19.3
0 164.279 11 3.4 19.3
0 164.379 10 3.4 19.3
0 164.483 10 3.4 19.3
0 164.581 10 3.4 19.3
0 164.677 10 3.4 19.3
0 164.784 9 3.4 19.3
0 164.878 11 3.4 19.3
0 164.977 10 3.4 19.3
0 165.086 9 3.4 19.3
0 165.18 11 3.4 19.3
0 165.391 5 3.4 19.3
0 165.403 82 3.4 19.3
0 165.51 9 3.4 19.3
0 165.614 10 3.4 19.3
0 165.706 11 3.4 19.3
0 165.921 5 3.4 19.3
0 165.936 63 3.4 19.3
0 166.038 10 3.4 19.3
0 166.144 9 3.4 19.3
0 166.243 10 3.4 19.3
0 166.34 10 3.4 19.3
0 166.448 9 3.4 19.3
0 166.537 11 3.4 19.3
0 166.641 10 3.4 19.3
0 166.739 10 3.4 19.3
0 166.867 8 3.4 19.3
0 166.95 12 3.4 19.3
0 167.041 11 3.4 19.3
0 167.137 10 3.4 19.3
0 167.243 9 3.4 19.3
0 167.453 5 3.4 19.3
0 167.464 91 3.4 19.3
0 167.591 8 3.4 19.3
0 167.672 12 3.4 19.3
0 167.8 8 3.4 19.3
0 167.982 5 3.4 19.3
0 168.002 51 3.4 19.3
0 168.107 10 3.4 19.3
0 168.204 10 3.4 19.3
0 168.304 10 3.4 19.3
0 168.401 10 3.4 19.3
0 168.509 9 3.4 19.3
0 168.605 10 3.4 19.3
0 168.705 10 3.4 19.3
0 168.801 10 3.4 19.3
0 168.905 10 3.4 19.3
0 169.005 10 3.4 19.3
0 169.105 10 3.4 19.3
0 169.205 10 3.4 19.3
0 169.308 10 3.4 19.3
0 169.511 5 3.4 19.3
0 169.67 6 3.4 19.3
0 169.683 75 3.4 19.3
0 169.788 10 3.4 19.3
0 170.007 5 3.4 19.3
0 170.104 10 3.4 19.3
0 170.119 66 3.4 19.3
0 170.226 9 3.4 19.3
0 170.324 10 3.4 19.3
0 170.426 10 3.4 19.3
0 170.531 9 3.4 19.3
0 170.626 11 3.4 19.3
0 170.722 10 3.4 19.3
0 170.831 9 3.4 19.3
0 170.925 11 3.4 19.3
0 171.035 9 3.4 19.3
0 171.128 11 3.4 19.3
0 171.226 10 3.4 19.3
0 171.33 10 3.4 19.3
0 171.53 5 3.2 19.4
0 171.546 61 3.2 19.4
0 171.647 10 3.2 19.4
0 171.819 6 3.2 19.4
0 171.865 21 3.2 19.4
0 171.963 10 3.2 19.4
0 172.072 9 3.2 19.4
0 172.216 7 3.2 19.4
0 172.26 23 3.2 19.4
0 172.364 10 3.2 19.4
0 172.463 10 3.2 19.4
0 172.564 10 3.2 19.4
0 172.706 7 3.2 19.4
0 172.79 12 3.2 19.4
0 172.867 13 3.2 19.4
0 172.966 10 3.2 19.4
0 173.063 10 3.2 19.4
0 173.169 9 3.2 19.4
0 173.266 10 3.2 19.4
0 173.368 10 3.2 19.4
0 173.462 11 3.2 19.4
0 173.568 9 3.2 19.4
0 173.667 10 3.2 19.4
0 173.823 6 3.2 19.4
0 173.86 27 3.2 19.4
0 173.971 9 3.2 19.4
0 174.067 10 3.2 19.4
0 174.226 6 3.2 19.4
0 174.265 26 3.2 19.4
0 174.37 10 3.2 19.4
0 174.462 11 3.2 19.4
0 174.57 9 3.2 19.4
0 174.668 10 3.2 19.4
0 174.765 10 3.2 19.4
0 174.865 10 3.2 19.4
0 174.966 10 3.2 19.4
0 175.074 9 3.2 19.4
0 175.171 10 3.2 19.4
0 175.269 10 3.2 19.4
0 175.365 10 3.2 19.4
0 175.462 10 3.2 19.4
0 175.575 9 3.2 19.4
0 175.671 10 3.2 19.4
0 175.831 6 3.2 19.4
0 175.862 32 3.2 19.4
0 175.966 10 3.2 19.4
0 176.068 10 3.2 19.4
0 176.244 6 3.2 19.4
0 176.273 34 3.2 19.4
0 176.38 9 3.2 19.4
0 176.474 11 3.2 19.4
0 176.578 10 3.2 19.4
0 176.682 10 3.2 19.4
0 176.784 10 3.2 19.4
0 176.88 10 3.2 19.4
0 177.101 5 3.2 19.4
0 177.123 44 3.2 19.4
0 177.238 9 3.2 19.4
0 177.339 10 3.2 19.4
0 177.436 10 3.2 19.4
0 177.533 10 3.2 19.4
0 177.635 10 3.2 19.4
0 177.746 9 3.2 19.4
0 177.913 6 3.2 19.4
0 177.936 43 3.2 19.4
0 178.046 9 3.2 19.4
0 178.144 10 3.2 19.4
0 178.306 6 3.2 19.4
0 178.344 26 3.2 19.4
0 178.45 9 3.2 19.4
0 178.55 10 3.2 19.4
0 178.645 11 3.2 19.4
0 178.744 10 3.2 19.4
0 178.847 10 3.2 19.4
0 178.951 10 3.2 19.4
0 179.049 10 3.2 19.4
0 179.211 6 3.2 19.4
0 179.248 27 3.2 19.4
0 179.35 10 3.2 19.4
0 179.455 9 3.2 19.4
0 179.549 11 3.2 19.4
0 179.647 10 3.2 19.4
0 179.753 9 3.2 19.4
0 179.913 6 3.2 19.4
0 179.941 35 3.2 19.4
0 180.055 9 3.2 19.4
0 180.148 11 3.2 19.4
0 180.306 6 3.2 19.4
0 180.357 20 3.2 19.4
0 180.449 11 3.2 19.4
0 180.558 9 3.2 19.4
0 180.649 11 3.2 19.4
0 180.757 9 3.2 19.4
0 180.85 11 3.2 19.4
0 180.957 9 3.2 19.4
0 181.05 11 3.2 19.4
0 181.211 6 3.2 19.4
0 181.249 26 3.2 19.4
0 181.361 9 3.2 19.4
0 181.453 11 3.2 19.4
0 181.553 10 4.0 19.3
0 181.654 10 4.0 19.3
0 181.756 10 4.0 19.3
0 181.913 6 4.0 19.3
0 181.998 12 4.0 19.3
0 182.051 19 4.0 19.3
0 182.159 9 4.0 19.3
0 182.322 6 4.0 19.3
0 182.351 34 4.0 19.3
0 182.462 9 4.0 19.3
0 182.555 11 4.0 19.3
0 182.659 10 4.0 19.3
0 182.791 8 4.0 19.3
0 182.851 17 4.0 19.3
0 182.945 11 4.0 19.3
0 183.042 10 4.0 19.3
0 183.141 10 4.0 19.3
0 183.303 6 4.0 19.3
0 183.337 29 4.0 19.3
0 183.451 9 4.0 19.3
0 183.541 11 4.0 19.3
0 183.644 10 4.0 19.3
0 183.746 10 4.0 19.3
0 183.902 6 4.0 19.3
0 183.953 20 4.0 19.3
0 184.101 7 4.0 19.3
0 184.145 23 4.0 19.3
0 184.247 10 4.0 19.3
0 184.445 5 4.0 19.3
0 184.47 39 4.0 19.3
0 184.568 10 4.0 19.3
0 184.665 10 4.0 19.3
0 184.768 10 4.0 19.3
0 184.921 7 4.0 19.3
0 184.971 20 4.0 19.3
0 185.066 11 4.0 19.3
0 185.167 10 4.0 19.3
0 185.327 6 4.0 19.3
0 185.36 30 4.0 19.3
0 185.465 9 4.0 19.3
0 185.697 4 4.0 19.3
0 185.711 70 4.0 19.3
0 185.823 9 4.0 19.3
0 186.021 5 4.0 19.3
0 186.04 51 4.0 19.3
0 186.204 6 4.0 19.3
0 186.25 22 4.0 19.3
0 186.41 6 4.0 19.3
0 186.44 33 4.0 19.3
0 186.546 9 4.0 19.3
0 186.641 10 4.0 19.3
0 186.747 9 4.0 19.3
0 186.848 10 4.0 19.3
0 187.013 6 4.0 19.3
0 187.046 30 4.0 19.3
0 187.152 9 4.0 19.3
0 187.253 10 4.0 19.3
0 187.406 7 4.0 19.3
0 187.448 24 4.0 19.3
0 187.549 10 4.0 19.3
0 187.649 10 4.0 19.3
0 187.809 6 4.0 19.3
0 187.845 28 4.0 19.3
0 188.083 4 4.0 19.3
0 188.1 62 4.0 19.3
0 188.271 6 4.0 19.3
0 188.448 6 4.0 19.3
0 188.473 41 4.0 19.3
0 188.58 9 4.0 19.3
0 188.673 11 4.0 19.3
0 188.775 10 4.0 19.3
0 188.883 9 4.0 19.3
0 189.082 5 4.0 19.3
0 189.106 41 4.0 19.3
0 189.206 10 4.0 19.3
0 189.306 10 4.0 19.3
0 189.465 6 4.0 19.3
0 189.512 21 4.0 19.3
0 189.615 10 4.0 19.3
0 189.707 11 4.0 19.3
0 189.863 6 4.0 19.3
0 189.909 22 4.0 19.3
0 190.18 4 4.0 19.3
0 190.203 44 4.0 19.3
0 190.372 6 4.0 19.3
0 190.522 7 4.0 19.3
0 190.548 38 4.0 19.3
0 190.65 10 4.0 19.3
0 190.756 10 4.0 19.3
0 190.848 11 4.0 19.3
0 190.949 10 4.0 19.3
0 191.153 5 4.0 19.3
0 191.173 50 4.0 19.3
0 191.299 8 4.0 19.3
0 191.378 13 4.0 19.3
0 191.535 6 4.0 19.3
0 191.584 20 4.1 19.3
0 191.679 11 4.1 19.3
0 191.78 10 4.1 19.3
0 191.946 6 4.1 19.3
0 191.979 30 4.1 19.3
0 192.251 4 4.1 19.3
0 192.269 54 4.1 19.3
0 192.437 6 4.1 19.3
0 192.605 6 4.1 19.3
0 192.626 47 4.1 19.3
0 192.74 9 4.1 19.3
0 192.852 9 4.1 19.3
0 192.941 11 4.1 19.3
0 193.031 11 4.1 19.3
0 193.248 5 4.1 19.3
0 193.269 49 4.1 19.3
0 193.377 9 4.1 19.3
0 193.478 10 4.1 19.3
0 193.638 6 4.1 19.3
0 193.675 26 4.1 19.3
0 193.784 9 4.1 19.3
0 193.877 11 4.1 19.3
0 194.036 6 4.1 19.3
0 194.069 30 4.1 19.3
0 194.342 4 4.1 19.3
0 194.367 39 4.1 19.3
0 194.532 6 4.1 19.3
0 194.687 6 4.1 19.3
0 194.708 48 4.1 19.3
0 194.817 9 4.1 19.3
0 194.921 10 4.1 19.3
0 195.019 10 4.1 19.3
0 195.119 10 4.1 19.3
0 195.321 5 4.1 19.3
0 195.341 50 4.1 19.3
0 195.455 9 4.1 19.3
0 195.547 11 4.1 19.3
0 195.707 6 4.1 19.3
0 195.749 24 4.1 19.3
0 195.85 10 4.1 19.3
0 195.943 11 4.1 19.3
0 196.118 6 4.1 19.3
0 196.145 37 4.1 19.3
0 196.382 4 4.1 19.3
0 196.407 40 4.1 19.3
0 196.626 5 4.1 19.3
0 196.778 7 4.1 19.3
0 196.799 48 4.1 19.3
0 196.907 9 4.1 19.3
0 197.008 10 4.1 19.3
0 197.105 10 4.1 19.3
0 197.211 9 4.1 19.3
0 197.416 5 4.1 19.3
0 197.436 49 4.1 19.3
0 197.53 11 4.1 19.3
0 197.635 9 4.1 19.3
0 197.804 6 4.1 19.3
0 197.872 15 4.1 19.3
0 197.947 13 4.1 19.3
0 198.045 10 4.1 19.3
0 198.209 6 4.1 19.3
0 198.247 26 4.1 19.3
0 198.646 3 4.1 19.3
0 198.786 7 4.1 19.3
0 198.808 46 4.1 19.3
0 198.919 9 4.1 19.3
0 199.017 10 4.1 19.3
0 199.114 10 4.1 19.3
0 199.218 10 4.1 19.3
0 199.419 5 4.1 19.3
0 199.442 43 4.1 19.3
0 199.548 9 4.1 19.3
0 199.649 10 4.1 19.3
0 199.803 7 4.1 19.3
0 199.846 23 4.1 19.3
0 199.953 9 4.1 19.3
0 200.051 10 4.1 19.3
0 200.148 10 4.1 19.3
0 200.412 4 4.1 19.3
0 200.501 11 4.1 19.3
0 200.653 7 4.1 19.3
0 200.848 5 4.1 19.3
0 200.869 47 4.1 19.3
0 200.982 9 4.1 19.3
0 201.081 10 4.1 19.3
0 201.17 11 4.1 19.3
0 201.275 10 4.1 19.3
0 201.492 5 4.1 19.3
0 201.518 38 4.1 19.3
0 201.626 9 3.9 19.4
0 201.718 11 3.9 19.4
0 201.878 6 3.9 19.4
0 201.923 22 3.9 19.4
0 202.014 11 3.9 19.4
0 202.12 9 3.9 19.4
0 202.222 10 3.9 19.4
0 202.426 5 3.9 19.4
0 202.526 10 3.9 19.4
0 202.657 8 3.9 19.4
0 202.866 5 3.9 19.4
0 202.891 40 3.9 19.4
0 202.994 10 3.9 19.4
0 203.098 10 3.9 19.4
0 203.194 10 3.9 19.4
0 203.3 10 3.9 19.4
0 203.499 5 3.9 19.4
0 203.516 60 3.9 19.4
0 203.63 9 3.9 19.4
0 203.726 11 3.9 19.4
0 203.881 6 3.9 19.4
0 203.929 21 3.9 19.4
0 204.025 10 3.9 19.4
0 204.126 10 3.9 19.4
0 204.23 10 3.9 19.4
0 204.432 5 3.9 19.4
0 204.532 10 3.9 19.4
0 204.661 8 3.9 19.4
0 204.746 12 3.9 19.4
0 204.899 7 3.9 19.4
0 204.921 46 3.9 19.4
0 205.028 9 3.9 19.4
0 205.131 10 3.9 19.4
0 205.228 10 3.9 19.4
0 205.328 10 3.9 19.4
0 205.481 7 3.9 19.4
0 205.535 19 3.9 19.4
0 205.628 11 3.9 19.4
0 205.727 10 3.9 19.4
0 205.901 6 3.9 19.4
0 205.926 40 3.9 19.4
0 206.033 9 3.9 19.4
0 206.134 10 3.9 19.4
0 206.235 10 3.9 19.4
0 206.445 5 3.9 19.4
0 206.543 10 3.9 19.4
0 206.685 7 3.9 19.4
0 206.771 12 3.9 19.4
0 206.92 7 3.9 19.4
0 206.956 27 3.9 19.4
0 207.049 11 3.9 19.4
0 207.146 10 3.9 19.4
0 207.258 9 3.9 19.4
0 207.344 12 3.9 19.4
0 207.45 9 3.9 19.4
0 207.606 6 3.9 19.4
0 207.643 27 3.9 19.4
0 207.746 10 3.9 19.4
0 207.975 4 3.9 19.4
0 208.098 8 3.9 19.4
0 208.124 38 3.9 19.4
0 208.225 10 3.9 19.4
0 208.347 8 3.9 19.4
0 208.535 5 3.9 19.4
0 208.753 5 3.9 19.4
0 208.935 5 3.9 19.4
0 208.968 30 3.9 19.4
0 209.073 10 3.9 19.4
0 209.164 11 3.9 19.4
0 209.266 10 3.9 19.4
0 209.362 10 3.9 19.4
0 209.467 10 3.9 19.4
0 209.619 7 3.9 19.4
0 209.661 24 3.9 19.4
0 209.767 9 3.9 19.4
0 209.969 5 3.9 19.4
0 209.997 36 3.9 19.4
0 210.101 10 3.9 19.4
0 210.202 10 3.9 19.4
0 210.299 10 3.9 19.4
0 210.4 10 3.9 19.4
0 210.607 5 3.9 19.4
0 210.803 5 3.9 19.4
0 210.954 7 3.9 19.4
0 210.978 43 3.9 19.4
0 211.085 9 3.9 19.4
0 211.185 10 3.9 19.4
0 211.28 11 3.9 19.4
0 211.387 9 3.9 19.4
0 211.491 10 3.9 19.4
0 211.642 7 4.0 19.4
0 211.68 26 4.0 19.4
0 211.781 10 4.0 19.4
0 212.048 4 4.0 19.4
0 212.077 34 4.0 19.4
0 212.186 9 4.0 19.4
0 212.275 11 4.0 19.4
0 212.376 10 4.0 19.4
0 212.533 6 4.0 19.4
0 212.691 6 4.0 19.4
0 212.783 11 4.0 19.4
0 212.818 28 4.0 19.4
0 213.101 4 4.0 19.4
0 213.127 38 4.0 19.4
0 213.231 10 4.0 19.4
0 213.347 9 4.0 19.4
0 213.426 13 4.0 19.4
0 213.526 10 4.0 19.4
0 213.74 5 4.0 19.4
0 213.78 25 4.0 19.4
0 213.869 11 4.0 19.4
0 214.122 4 4.0 19.4
0 214.144 46 4.0 19.4
0 214.264 8 4.0 19.4
0 214.359 11 4.0 19.4
0 214.448 11 4.0 19.4
0 214.549 10 4.0 19.4
0 214.749 5 4.0 19.4
0 214.829 13 4.0 19.4
0 214.876 21 4.0 19.4
0 215.134 4 4.0 19.4
0 215.154 51 4.0 19.4
0 215.258 10 4.0 19.4
0 215.366 9 4.0 19.4
0 215.462 10 4.0 19.4
0 215.562 10 4.0 19.4
0 215.767 5 4.0 19.4
0 215.787 48 4.0 19.4
0 215.904 9 4.0 19.4
0 216.264 3 4.0 19.4
0 216.29 39 4.0 19.4
0 216.394 10 4.0 19.4
0 216.51 9 4.0 19.4
0 216.592 12 4.0 19.4
0 216.69 10 4.0 19.4
0 216.844 7 4.0 19.4
0 216.887 23 4.0 19.4
0 217.212 3 4.0 19.4
0 217.232 50 4.0 19.4
0 217.339 9 4.0 19.4
0 217.436 10 4.0 19.4
0 217.539 10 4.0 19.4
0 217.632 11 4.0 19.4
0 217.851 5 4.0 19.4
0 217.867 62 4.0 19.4
0 217.978 9 4.0 19.4
0 218.132 6 4.0 19.4
0 218.271 7 4.0 19.4
0 218.291 50 4.0 19.4
0 218.402 9 4.0 19.4
0 218.495 11 4.0 19.4
0 218.595 10 4.0 19.4
0 218.694 10 4.0 19.4
0 218.823 8 4.0 19.4
0 218.896 14 4.0 19.4
0 219.102 5 4.0 19.4
0 219.125 44 4.0 19.4
0 219.228 10 4.0 19.4
0 219.327 10 4.0 19.4
0 219.427 10 4.0 19.4
0 219.522 11 4.0 19.4
0 219.635 9 4.0 19.4
0 219.731 10 4.0 19.4
0 219.932 5 4.0 19.4
0 219.949 61 4.0 19.4
0 220.059 9 4.0 19.4
0 220.323 4 4.0 19.4
0 220.348 40 4.0 19.4
0 220.452 10 4.0 19.4
0 220.549 10 4.0 19.4
0 220.647 10 4.0 19.4
0 220.756 9 4.0 19.4
0 220.909 7 4.0 19.4
0 220.947 26 4.0 19.4
0 221.114 6 4.0 19.4
0 221.143 35 4.0 19.4
0 221.304 6 4.0 19.4
0 221.349 22 4.0 19.4
0 221.448 10 4.0 19.4
0 221.544 10 4.0 19.4
0 221.65 9 3.7 19.4
0 221.746 10 3.7 19.4
0 221.958 5 3.7 19.4
0 221.978 50 3.7 19.4
0 222.085 9 3.7 19.4
0 222.348 4 3.7 19.4
0 222.369 47 3.7 19.4
0 222.479 9 3.7 19.4
0 222.571 11 3.7 19.4
0 222.668 10 3.7 19.4
0 222.774 9 3.7 19.4
0 222.925 7 3.7 19.4
0 222.968 23 3.7 19.4
0 223.139 6 3.7 19.4
0 223.17 32 3.7 19.4
0 223.274 10 3.7 19.4
0 223.373 10 3.7 19.4
0 223.489 9 3.7 19.4
0 223.574 12 3.7 19.4
0 223.676 10 3.7 19.4
0 223.775 10 3.7 19.4
0 224.005 4 3.7 19.4
0 224.019 73 3.7 19.4
0 224.134 9 3.7 19.4
0 224.391 4 3.7 19.4
0 224.411 49 3.7 19.4
0 224.512 10 3.7 19.4
0 224.611 10 3.7 19.4
0 224.711 10 3.7 19.4
0 224.815 10 3.7 19.4
0 224.974 6 3.7 19.4
0 225.008 30 3.7 19.4
0 225.169 6 3.7 19.4
0 225.21 24 3.7 19.4
0 225.318 9 3.7 19.4
0 225.415 10 3.7 19.4
0 225.52 10 3.7 19.4
0 225.617 10 3.7 19.4
0 225.718 10 3.7 19.4
0 225.812 11 3.7 19.4
0 226.026 5 3.7 19.4
0 226.043 59 3.7 19.4
0 226.153 9 3.7 19.4
0 226.419 4 3.7 19.4
0 226.433 74 3.7 19.4
0 226.566 8 3.7 19.4
0 226.64 13 3.7 19.4
0 226.74 10 3.7 19.4
0 226.839 10 3.7 19.4
0 227.003 6 3.7 19.4
0 227.039 28 3.7 19.4
0 227.204 6 3.7 19.4
0 227.239 29 3.7 19.4
0 227.34 10 3.7 19.4
0 227.439 10 3.7 19.4
0 227.538 10 3.7 19.4
0 227.667 8 3.7 19.4
0 227.75 12 3.7 19.4
0 227.839 11 3.7 19.4
0 228.042 5 3.7 19.4
0 228.056 74 3.7 19.4
0 228.181 8 3.7 19.4
0 228.33 7 3.7 19.4
0 228.366 28 3.7 19.4
0 228.456 11 3.7 19.4
0 228.579 8 3.7 19.4
0 228.658 13 3.7 19.4
0 228.755 10 3.7 19.4
0 228.873 9 3.7 19.4
0 229.038 6 3.7 19.4
0 229.06 47 3.7 19.4
0 229.227 6 3.7 19.4
0 229.264 27 3.7 19.4
0 229.374 9 3.7 19.4
0 229.463 11 3.7 19.4
0 229.561 10 3.7 19.4
0 229.665 10 3.7 19.4
0 229.765 10 3.7 19.4
0 229.861 10 3.7 19.4
0 229.973 9 3.7 19.4
0 230.062 11 3.7 19.4
0 230.163 10 3.7 19.4
0 230.321 6 3.7 19.4
0 230.363 24 3.7 19.4
0 230.474 9 3.7 19.4
0 230.564 11 3.7 19.4
0 230.665 10 3.7 19.4
0 230.764 10 3.7 19.4
0 230.863 10 3.7 19.4
0 231.075 5 3.7 19.4
0 231.118 23 3.7 19.4
0 231.308 5 3.7 19.4
0 231.324 62 3.7 19.4
0 231.428 10 3.7 19.4
0 231.529 10 3.7 19.4
0 231.645 9 3.7 19.4
0 231.732 11 3.8 19.4
0 231.829 10 3.8 19.4
0 231.928 10 3.8 19.4
0 232.03 10 3.8 19.4
0 232.141 9 3.8 19.4
0 232.23 11 3.8 19.4
0 232.385 6 3.8 19.4
0 232.431 22 3.8 19.4
0 232.587 6 3.8 19.4
0 232.643 18 3.8 19.4
0 232.732 11 3.8 19.4
0 232.833 10 3.8 19.4
0 232.931 10 3.8 19.4
0 233.148 5 3.8 19.4
0 233.163 67 3.8 19.4
0 233.371 5 3.8 19.4
0 233.39 53 3.8 19.4
0 233.493 10 3.8 19.4
0 233.595 10 3.8 19.4
0 233.701 9 3.8 19.4
0 233.794 11 3.8 19.4
0 233.945 7 3.8 19.4
0 234.0 18 3.8 19.4
0 234.094 11 3.8 19.4
0 234.205 9 3.8 19.4
0 234.298 11 3.8 19.4
0 234.454 6 3.8 19.4
0 234.495 24 3.8 19.4
0 234.657 6 3.8 19.4
0 234.706 20 3.8 19.4
0 234.799 11 3.8 19.4
0 234.898 10 3.8 19.4
0 234.997 10 3.8 19.4
0 235.208 5 3.8 19.4
0 235.232 41 3.8 19.4
0 235.394 6 3.8 19.4
0 235.432 26 3.8 19.4
0 235.532 10 3.8 19.4
0 235.632 10 3.8 19.4
0 235.74 9 3.8 19.4
0 235.838 10 3.8 19.4
0 235.989 7 3.8 19.4
0 236.029 25 3.8 19.4
0 236.129 10 3.8 19.4
0 236.231 10 3.8 19.4
0 236.335 10 3.8 19.4
0 236.491 6 3.8 19.4
0 236.532 25 3.8 19.4
0 236.7 6 3.8 19.4
0 236.732 30 3.8 19.4
0 236.846 9 3.8 19.4
0 236.933 11 3.8 19.4
0 237.033 10 3.8 19.4
0 237.232 5 3.8 19.4
0 237.253 48 3.8 19.4
0 237.478 4 3.8 19.4
0 237.499 46 3.8 19.4
0 237.601 10 3.8 19.4
0 237.699 10 3.8 19.4
0 237.801 10 3.8 19.4
0 237.906 10 3.8 19.4
0 238.068 6 3.8 19.4
0 238.1 32 3.8 19.4
0 238.202 10 3.8 19.4
0 238.302 10 3.8 19.4
0 238.4 10 3.8 19.4
0 238.57 6 3.8 19.4
0 238.601 32 3.8 19.4
0 238.763 6 3.8 19.4
0 238.803 25 3.8 19.4
0 238.905 10 3.8 19.4
0 239.004 10 3.8 19.4
0 239.133 8 3.8 19.4
0 239.314 6 3.8 19.4
0 239.334 50 3.8 19.4
0 239.552 5 3.8 19.4
0 239.572 52 3.8 19.4
0 239.688 9 3.8 19.4
0 239.778 11 3.8 19.4
0 239.874 10 3.8 19.4
0 239.976 10 3.8 19.4
0 240.13 6 3.8 19.4
0 240.174 23 3.8 19.4
0 240.282 9 3.8 19.4
0 240.373 11 3.8 19.4
0 240.474 10 3.8 19.4
0 240.676 5 3.8 19.4
0 240.693 60 3.8 19.4
0 240.869 6 3.8 19.4
0 240.894 40 3.8 19.4
0 240.997 10 3.8 19.4
0 241.099 10 3.8 19.4
0 241.309 5 3.8 19.4
0 241.325 61 3.8 19.4
0 241.44 9 3.8 19.4
0 241.531 11 3.8 19.4
0 241.632 10 3.8 19.4
0 241.74 9 3.5 19.3
0 241.836 10 3.5 19.3
0 241.943 9 3.5 19.3
0 242.032 11 3.5 19.3
0 242.213 6 3.5 19.3
0 242.25 27 3.5 19.3
0 242.355 9 3.5 19.3
0 242.464 9 3.5 19.3
0 242.557 11 3.5 19.3
0 242.76 5 3.5 19.3
0 242.792 31 3.5 19.3
0 242.959 6 3.5 19.3
0 242.996 27 3.5 19.3
0 243.097 10 3.5 19.3
0 243.203 9 3.5 19.3
0 243.411 5 3.5 19.3
0 243.439 36 3.5 19.3
0 243.559 8 3.5 19.3
0 243.667 9 3.5 19.3
0 243.751 12 3.5 19.3
0 243.849 10 3.5 19.3
0 243.952 10 3.5 19.3
0 244.05 10 3.5 19.3
0 244.303 4 3.5 19.3
0 244.334 33 3.5 19.3
0 244.443 9 3.5 19.3
0 244.54 10 3.5 19.3
0 244.643 10 3.5 19.3
0 244.861 5 3.5 19.3
0 244.897 28 3.5 19.3
0 245.058 6 3.5 19.3
0 245.096 27 3.5 19.3
0 245.198 10 3.5 19.3
0 245.419 5 3.5 19.3
0 245.458 26 3.5 19.3
0 245.56 10 3.5 19.3
0 245.654 11 3.5 19.3
0 245.755 10 3.5 19.3
0 245.896 7 3.5 19.3
0 245.969 14 3.5 19.3
0 246.062 11 3.5 19.3
0 246.261 5 3.5 19.3
0 246.297 28 3.5 19.3
0 246.399 10 3.5 19.3
0 246.51 9 3.5 19.3
0 246.602 11 3.5 19.3
0 246.708 9 3.5 19.3
0 246.917 5 3.5 19.3
0 246.949 31 3.5 19.3
0 247.123 6 3.5 19.3
0 247.151 35 3.5 19.3
0 247.266 9 3.5 19.3
0 247.362 10 3.5 19.3
0 247.459 10 3.5 19.3
0 247.562 10 3.5 19.3
0 247.666 10 3.5 19.3
0 247.762 10 3.5 19.3
0 247.862 10 3.5 19.3
0 247.964 10 3.5 19.3
0 248.062 10 3.5 19.3
0 248.292 4 3.5 19.3
0 248.318 38 3.5 19.3
0 248.43 9 3.5 19.3
0 248.524 11 3.5 19.3
0 248.63 9 3.5 19.3
0 248.736 9 3.5 19.3
0 248.983 4 3.5 19.3
0 249.01 37 3.5 19.3
0 249.185 6 3.5 19.3
0 249.21 41 3.5 19.3
0 249.349 7 3.5 19.3
0 249.423 13 3.5 19.3
0 249.631 5 3.5 19.3
0 249.646 65 3.5 19.3
0 249.773 8 3.5 19.3
0 249.87 10 3.5 19.3
0 249.973 10 3.5 19.3
0 250.07 10 3.5 19.3
0 250.281 5 3.5 19.3
0 250.323 24 3.5 19.3
0 250.428 9 3.5 19.3
0 250.532 10 3.5 19.3
0 250.627 11 3.5 19.3
0 250.725 10 3.5 19.3
0 250.812 12 3.5 19.3
0 251.023 5 3.5 19.3
0 251.036 76 3.5 19.3
0 251.212 6 3.5 19.3
0 251.243 32 3.5 19.3
0 251.353 9 3.5 19.3
0 251.447 11 3.5 19.3
0 251.555 9 3.5 19.3
0 251.711 6 3.5 19.3
0 251.748 27 4.5 19.3
0 251.853 9 4.5 19.3
0 251.953 10 4.5 19.3
0 252.095 7 4.5 19.3
0 252.149 18 4.5 19.3
0 252.361 5 4.5 19.3
0 252.391 34 4.5 19.3
0 252.493 10 4.5 19.3
0 252.592 10 4.5 19.3
0 252.751 6 4.5 19.3
0 252.79 26 4.5 19.3
0 252.892 10 4.5 19.3
0 253.153 4 4.5 19.3
0 253.314 6 4.5 19.3
0 253.343 34 4.5 19.3
0 253.447 10 4.5 19.3
0 253.546 10 4.5 19.3
0 253.642 10 4.5 19.3
0 253.821 6 4.5 19.3
0 253.843 46 4.5 19.3
0 253.954 9 4.5 19.3
0 254.048 11 4.5 19.3
0 254.212 6 4.5 19.3
0 254.24 35 4.5 19.3
0 254.476 4 4.5 19.3
0 254.497 48 4.5 19.3
0 254.603 9 4.5 19.3
0 254.708 10 4.5 19.3
0 254.86 7 4.5 19.3
0 254.905 22 4.5 19.3
0 255.172 4 4.5 19.3
0 255.312 7 4.5 19.3
0 255.332 50 4.5 19.3
0 255.448 9 4.5 19.3
0 255.542 11 4.5 19.3
0 255.639 10 4.5 19.3
0 255.736 10 4.5 19.3
0 255.905 6 4.5 19.3
0 255.932 37 4.5 19.3
0 256.046 9 4.5 19.3
0 256.135 11 4.5 19.3
0 256.301 6 4.5 19.3
0 256.337 28 4.5 19.3
0 256.543 5 4.5 19.3
0 256.58 27 4.5 19.3
0 256.668 11 4.5 19.3
0 256.776 9 4.5 19.3
0 256.926 7 4.5 19.3
0 256.967 24 4.5 19.3
0 257.079 9 4.5 19.3
0 257.233 6 4.5 19.3
0 257.373 7 4.5 19.3
0 257.395 47 4.5 19.3
0 257.503 9 4.5 19.3
0 257.648 7 4.5 19.3
0 257.706 17 4.5 19.3
0 257.796 11 4.5 19.3
0 257.963 6 4.5 19.3
0 257.995 32 4.5 19.3
0 258.11 9 4.5 19.3
0 258.201 11 4.5 19.3
0 258.362 6 4.5 19.3
0 258.398 28 4.5 19.3
0 258.606 5 4.5 19.3
0 258.638 31 4.5 19.3
0 258.738 10 4.5 19.3
0 258.83 11 4.5 19.3
0 258.988 6 4.5 19.3
0 259.029 24 4.5 19.3
0 259.139 9 4.5 19.3
0 259.288 7 4.5 19.3
0 259.443 6 4.5 19.3
0 259.482 25 4.5 19.3
0 259.569 12 4.5 19.3
0 259.731 6 4.5 19.3
0 259.776 22 4.5 19.3
0 259.876 10 4.5 19.3
0 260.08 5 4.5 19.3
0 260.1 49 4.5 19.3
0 260.207 9 4.5 19.3
0 260.369 6 4.5 19.3
0 260.404 29 4.5 19.3
0 260.611 5 4.5 19.3
0 260.634 44 4.5 19.3
0 260.738 10 4.5 19.3
0 260.834 10 4.5 19.3
0 261.002 6 4.5 19.3
0 261.033 32 4.5 19.3
0 261.137 10 4.5 19.3
0 261.294 6 4.5 19.3
0 261.439 7 4.5 19.3
0 261.46 46 4.5 19.3
0 261.573 9 4.5 19.3
0 261.664 11 4.5 19.3
0 261.823 6 3.9 19.3
0 261.862 26 3.9 19.3
0 261.965 10 3.9 19.3
0 262.171 5 3.9 19.3
0 262.191 50 3.9 19.3
0 262.296 10 3.9 19.3
0 262.447 7 3.9 19.3
0 262.49 23 3.9 19.3
0 262.592 10 3.9 19.3
0 262.708 9 3.9 19.3
0 262.791 12 3.9 19.3
0 262.897 10 3.9 19.3
0 263.057 6 3.9 19.3
0 263.091 30 3.9 19.3
0 263.192 10 3.9 19.3
0 263.382 5 3.9 19.3
0 263.51 8 3.9 19.3
0 263.533 45 3.9 19.3
0 263.636 10 3.9 19.3
0 263.732 10 3.9 19.3
0 263.921 5 3.9 19.3
0 263.936 64 3.9 19.3
0 264.043 9 3.9 19.3
0 264.243 5 3.9 19.3
0 264.268 41 3.9 19.3
0 264.426 6 3.9 19.3
0 264.601 6 3.9 19.3
0 264.62 53 3.9 19.3
0 264.725 10 3.9 19.3
0 264.827 10 3.9 19.3
0 264.931 10 3.9 19.3
0 265.081 7 3.9 19.3
0 265.13 21 3.9 19.3
0 265.226 10 3.9 19.3
0 265.389 6 3.9 19.3
0 265.563 6 3.9 19.3
0 265.603 25 3.9 19.3
0 265.709 9 3.9 19.3
0 265.798 11 3.9 19.3
0 265.961 6 3.9 19.3
0 265.998 27 3.9 19.3
0 266.11 9 3.9 19.3
0 266.311 5 3.9 19.3
0 266.356 23 3.9 19.3
0 266.457 10 3.9 19.3
0 266.673 5 3.9 19.3
0 266.714 24 3.9 19.3
0 266.832 8 3.9 19.3
0 266.92 11 3.9 19.3
0 267.018 10 3.9 19.3
0 267.19 6 3.9 19.3
0 267.232 24 3.9 19.3
0 267.413 6 3.9 19.3
0 267.488 13 3.9 19.3
0 267.577 11 3.9 19.3
0 267.679 10 3.9 19.3
0 267.773 11 3.9 19.3
0 267.866 11 3.9 19.3
0 268.04 6 3.9 19.3
0 268.094 19 3.9 19.3
0 268.195 10 3.9 19.3
0 268.421 4 3.9 19.3
0 268.475 19 3.9 19.3
0 268.674 5 3.9 19.3
0 268.738 15 3.9 19.3
0 268.838 10 3.9 19.3
0 268.936 10 3.9 19.3
0 269.041 10 3.9 19.3
0 269.186 7 3.9 19.3
0 269.287 10 3.9 19.3
0 269.34 19 3.9 19.3
0 269.507 6 3.9 19.3
0 269.563 18 3.9 19.3
0 269.695 8 3.9 19.3
0 269.755 17 3.9 19.3
0 269.849 11 3.9 19.3
0 269.952 10 3.9 19.3
0 270.156 5 3.9 19.3
0 270.197 24 3.9 19.3
0 270.405 5 3.9 19.3
0 270.44 29 3.9 19.3
0 270.554 9 3.9 19.3
0 270.749 5 3.9 19.3
0 270.774 39 3.9 19.3
0 270.899 8 3.9 19.3
0 270.992 11 3.9 19.3
0 271.09 10 3.9 19.3
0 271.256 6 3.9 19.3
0 271.36 10 3.9 19.3
0 271.407 22 3.9 19.3
0 271.569 6 3.9 19.3
0 271.614 22 3.9 19.3
0 271.72 9 3.9 19.3
0 271.81 11 3.9 19.3
0 271.926 9 4.7 19.4
0 272.014 11 4.7 19.4
0 272.211 5 4.7 19.4
0 272.25 25 4.7 19.4
0 272.455 5 4.7 19.4
0 272.485 33 4.7 19.4
0 272.598 9 4.7 19.4
0 272.798 5 4.7 19.4
0 272.829 33 4.7 19.4
0 272.943 9 4.7 19.4
0 273.042 10 4.7 19.4
0 273.144 10 4.7 19.4
0 273.291 7 4.7 19.4
0 273.396 9 4.7 19.4
0 273.435 26 4.7 19.4
0 273.606 6 4.7 19.4
0 273.65 23 4.7 19.4
0 273.751 10 4.7 19.4
0 273.846 11 4.7 19.4
0 273.972 8 4.7 19.4
0 274.047 13 4.7 19.4
0 274.26 5 4.7 19.4
0 274.303 23 4.7 19.4
0 274.51 5 4.7 19.4
0 274.547 27 4.7 19.4
0 274.655 9 4.7 19.4
0 274.872 5 4.7 19.4
0 274.894 46 4.7 19.4
0 275.019 8 4.7 19.4
0 275.119 10 4.7 19.4
0 275.211 11 4.7 19.4
0 275.375 6 4.7 19.4
0 275.479 10 4.7 19.4
0 275.522 24 4.7 19.4
0 275.68 6 4.7 19.4
0 275.727 21 4.7 19.4
0 275.826 10 4.7 19.4
0 275.922 10 4.7 19.4
0 276.025 10 4.7 19.4
0 276.119 11 4.7 19.4
0 276.325 5 4.7 19.4
0 276.368 23 4.7 19.4
0 276.578 5 4.7 19.4
0 276.611 30 4.7 19.4
0 276.715 10 4.7 19.4
0 276.926 5 4.7 19.4
0 276.957 32 4.7 19.4
0 277.063 9 4.7 19.4
0 277.166 10 4.7 19.4
0 277.266 10 4.7 19.4
0 277.427 6 4.7 19.4
0 277.485 17 4.7 19.4
0 277.574 11 4.7 19.4
0 277.731 6 4.7 19.4
0 277.767 28 4.7 19.4
0 277.87 10 4.7 19.4
0 277.973 10 4.7 19.4
0 278.081 9 4.7 19.4
0 278.175 11 4.7 19.4
0 278.383 5 4.7 19.4
0 278.417 30 4.7 19.4
0 278.546 8 4.7 19.4
0 278.62 13 4.7 19.4
0 278.735 9 4.7 19.4
0 278.941 5 4.7 19.4
0 278.985 23 4.7 19.4
0 279.084 10 4.7 19.4
0 279.182 10 4.7 19.4
0 279.285 10 4.7 19.4
0 279.483 5 4.7 19.4
0 279.588 10 4.7 19.4
0 279.62 31 4.7 19.4
0 279.809 5 4.7 19.4
0 279.951 7 4.7 19.4
0 279.994 23 4.7 19.4
0 280.111 9 4.7 19.4
0 280.212 10 4.7 19.4
0 280.41 5 4.7 19.4
0 280.476 15 4.7 19.4
0 280.567 11 4.7 19.4
0 280.659 11 4.7 19.4
0 280.758 10 4.7 19.4
0 280.858 10 4.7 19.4
0 280.959 10 4.7 19.4
0 281.071 9 4.7 19.4
0 281.16 11 4.7 19.4
0 281.266 9 4.7 19.4
0 281.358 11 4.7 19.4
0 281.558 5 4.7 19.4
0 281.652 11 4.7 19.4
0 281.693 24 4.7 19.4
0 281.849 6 4.7 19.4
0 281.893 23 4.7 19.4
0 281.998 10 4.6 19.4
0 282.093 11 4.6 19.4
0 282.2 9 4.6 19.4
0 282.297 10 4.6 19.4
0 282.505 5 4.6 19.4
0 282.565 17 4.6 19.4
0 282.647 12 4.6 19.4
0 282.759 9 4.6 19.4
0 282.841 12 4.6 19.4
0 282.951 9 4.6 19.4
0 283.047 10 4.6 19.4
0 283.156 9 4.6 19.4
0 283.241 12 4.6 19.4
0 283.352 9 4.6 19.4
0 283.443 11 4.6 19.4
0 283.664 5 4.6 19.4
0 283.759 11 4.6 19.4
0 283.794 29 4.6 19.4
0 283.923 8 4.6 19.4
0 284.021 10 4.6 19.4
0 284.121 10 4.6 19.4
0 284.22 10 4.6 19.4
0 284.323 10 4.6 19.4
0 284.549 4 4.6 19.4
0 284.585 28 4.6 19.4
0 284.727 7 4.6 19.4
0 284.822 10 4.6 19.4
0 284.954 8 4.6 19.4
0 285.03 13 4.6 19.4
0 285.123 11 4.6 19.4
0 285.212 11 4.6 19.4
0 285.303 11 4.6 19.4
0 285.428 8 4.6 19.4
0 285.514 12 4.6 19.4
0 285.726 5 4.6 19.4
0 285.892 6 4.6 19.4
0 286.004 9 4.6 19.4
0 286.067 16 4.6 19.4
0 286.172 10 4.6 19.4
0 286.272 10 4.6 19.4
0 286.359 11 4.6 19.4
0 286.462 10 4.6 19.4
0 286.561 10 4.6 19.4
0 286.662 10 4.6 19.4
0 286.77 9 4.6 19.4
0 286.854 12 4.6 19.4
0 286.957 10 4.6 19.4
0 287.06 10 4.6 19.4
0 287.15 11 4.6 19.4
0 287.265 9 4.6 19.4
0 287.347 12 4.6 19.4
0 287.492 7 4.6 19.4
0 287.54 21 4.6 19.4
0 287.756 5 4.6 19.4
0 287.907 7 4.6 19.4
0 288.0 11 4.6 19.4
0 288.041 24 4.6 19.4
0 288.138 10 4.6 19.4
0 288.243 10 4.6 19.4
0 288.343 10 4.6 19.4
0 288.444 10 4.6 19.4
0 288.544 10 4.6 19.4
0 288.637 11 4.6 19.4
0 288.756 8 4.6 19.4
0 288.849 11 4.6 19.4
0 288.94 11 4.6 19.4
0 289.051 9 4.6 19.4
0 289.141 11 4.6 19.4
0 289.25 9 4.6 19.4
0 289.343 11 4.6 19.4
0 289.506 6 4.6 19.4
0 289.537 32 4.6 19.4
0 289.65 9 4.6 19.4
0 289.855 5 4.6 19.4
0 290.135 4 4.6 19.4
0 290.158 44 4.6 19.4
0 290.282 8 4.6 19.4
0 290.352 14 4.6 19.4
0 290.475 8 4.6 19.4
0 290.577 10 4.6 19.4
0 290.683 9 4.6 19.4
0 290.777 11 4.6 19.4
0 290.872 10 4.6 19.4
0 290.973 10 4.6 19.4
0 291.074 10 4.6 19.4
0 291.17 10 4.6 19.4
0 291.281 9 4.6 19.4
0 291.374 11 4.6 19.4
0 291.538 6 4.6 19.4
0 291.577 25 4.6 19.4
0 291.688 9 4.6 19.4
0 291.892 5 4.6 19.4
0 292.038 7 4.9 19.4
0 292.179 7 4.9 19.4
0 292.227 21 4.9 19.4
0 292.323 10 4.9 19.4
0 292.43 9 4.9 19.4
0 292.52 11 4.9 19.4
0 292.626 9 4.9 19.4
0 292.723 10 4.9 19.4
0 292.822 10 4.9 19.4
0 292.918 10 4.9 19.4
0 293.026 9 4.9 19.4
0 293.119 11 4.9 19.4
0 293.224 10 4.9 19.4
0 293.317 11 4.9 19.4
0 293.419 10 4.9 19.4
0 293.581 6 4.9 19.4
0 293.608 36 4.9 19.4
0 293.719 9 4.9 19.4
0 293.938 5 4.9 19.4
0 294.193 4 4.9 19.4
0 294.226 30 4.9 19.4
0 294.333 9 4.9 19.4
0 294.428 11 4.9 19.4
0 294.532 10 4.9 19.4
0 294.633 10 4.9 19.4
0 294.735 10 4.9 19.4
0 294.831 10 4.9 19.4
0 294.936 10 4.9 19.4
0 295.079 7 4.9 19.4
0 295.161 12 4.9 19.4
0 295.236 13 4.9 19.4
0 295.33 11 4.9 19.4
0 295.432 10 4.9 19.4
0 295.591 6 4.9 19.4
0 295.625 29 4.9 19.4
0 295.738 9 4.9 19.4
0 295.833 11 4.9 19.4
0 295.973 7 4.9 19.4
0 296.232 4 4.9 19.4
0 296.259 37 4.9 19.4
0 296.354 10 4.9 19.4
0 296.45 10 4.9 19.4
0 296.553 10 4.9 19.4
0 296.653 10 4.9 19.4
0 296.807 6 4.9 19.4
0 296.852 22 4.9 19.4
0 296.947 11 4.9 19.4
0 297.051 10 4.9 19.4
0 297.152 10 4.9 19.4
0 297.253 10 4.9 19.4
0 297.363 9 4.9 19.4
0 297.45 11 4.9 19.4
0 297.614 6 4.9 19.4
0 297.67 18 4.9 19.4
0 297.768 10 4.9 19.4
0 297.88 9 4.9 19.4
0 297.97 11 4.9 19.4
0 298.334 3 4.9 19.4
0 298.429 11 4.9 19.4
0 298.468 25 4.9 19.4
0 298.571 10 4.9 19.4
0 298.673 10 4.9 19.4
0 298.767 11 4.9 19.4
0 298.957 5 4.9 19.4
0 298.987 33 4.9 19.4
0 299.097 9 4.9 19.4
0 299.189 11 4.9 19.4
0 299.311 8 4.9 19.4
0 299.377 15 4.9 19.4
0 299.483 9 4.9 19.4
0 299.637 6 4.9 19.4
0 299.679 24 4.9 19.4
0 299.825 7 4.9 19.4
0 299.878 19 4.9 19.4
0 299.99 9 4.9 19.4
0 300.12 8 4.9 19.4
0 300.35 4 4.9 19.4
0 300.366 61 4.9 19.4
0 300.474 9 4.9 19.4
0 300.584 9 4.9 19.4
0 300.672 11 4.9 19.4
0 300.772 10 4.9 19.4
0 300.927 6 4.9 19.4
0 300.973 22 4.9 19.4
0 301.07 10 4.9 19.4
0 301.178 9 4.9 19.4
0 301.272 11 4.9 19.4
0 301.369 10 4.9 19.4
0 301.474 10 4.9 19.4
0 301.571 10 4.9 19.4
0 301.79 5 4.9 19.4
0 301.805 71 4.9 19.4
0 301.912 9 4.9 19.4
0 302.009 10 4.9 19.4
0 302.111 10 4.2 19.4
0 302.384 4 4.2 19.4
0 302.411 37 4.2 19.4
0 302.503 11 4.2 19.4
0 302.603 10 4.2 19.4
0 302.703 10 4.2 19.4
0 302.804 10 4.2 19.4
0 302.977 6 4.2 19.4
0 303.002 40 4.2 19.4
0 303.107 10 4.2 19.4
0 303.205 10 4.2 19.4
0 303.452 4 4.2 19.4
0 303.466 72 4.2 19.4
0 303.582 9 4.2 19.4
0 303.727 7 4.2 19.4
0 303.77 23 4.2 19.4
0 303.872 10 4.2 19.4
0 303.974 10 4.2 19.4
0 304.074 10 4.2 19.4
0 304.181 9 4.2 19.4
0 304.431 4 4.2 19.4
0 304.449 53 4.2 19.4
0 304.556 9 4.2 19.4
0 304.65 11 4.2 19.4
0 304.754 10 4.2 19.4
0 304.906 7 4.2 19.4
0 305.065 6 4.2 19.4
0 305.126 17 4.2 19.4
0 305.189 16 4.2 19.4
0 305.294 9 4.2 19.4
0 305.513 5 4.2 19.4
0 305.596 12 4.2 19.4
0 305.637 25 4.2 19.4
0 305.801 6 4.2 19.4
0 305.836 29 4.2 19.4
0 305.941 10 4.2 19.4
0 306.039 10 4.2 19.4
0 306.14 10 4.2 19.4
0 306.236 10 4.2 19.4
0 306.503 4 4.2 19.4
0 306.524 50 4.2 19.4
0 306.636 9 4.2 19.4
0 306.729 11 4.2 19.4
0 306.831 10 4.2 19.4
0 306.928 10 4.2 19.4
0 307.137 5 4.2 19.4
0 307.158 48 4.2 19.4
0 307.267 9 4.2 19.4
0 307.363 10 4.2 19.4
0 307.464 10 4.2 19.4
0 307.776 3 4.2 19.4
0 307.871 11 4.2 19.4
0 307.901 33 4.2 19.4
0 308.004 10 4.2 19.4
0 308.102 10 4.2 19.4
0 308.207 10 4.2 19.4
0 308.304 10 4.2 19.4
0 308.611 3 4.2 19.4
0 308.638 38 4.2 19.4
0 308.742 10 4.2 19.4
0 308.838 10 4.2 19.4
0 308.934 10 4.2 19.4
0 309.145 5 4.2 19.4
0 309.165 50 4.2 19.4
0 309.272 9 4.2 19.4
0 309.378 9 4.2 19.4
0 309.492 9 4.2 19.4
0 309.682 5 4.2 19.4
0 309.701 52 4.2 19.4
0 309.994 3 4.2 19.4
0 310.062 15 4.2 19.4
0 310.123 16 4.2 19.4
0 310.22 10 4.2 19.4
0 310.317 10 4.2 19.4
0 310.53 5 4.2 19.4
0 310.553 44 4.2 19.4
0 310.658 10 4.2 19.4
0 310.755 10 4.2 19.4
0 310.852 10 4.2 19.4
0 310.953 10 4.2 19.4
0 311.164 5 4.2 19.4
0 311.182 54 4.2 19.4
0 311.291 9 4.2 19.4
0 311.387 10 4.2 19.4
0 311.491 10 4.2 19.4
0 311.692 5 4.2 19.4
0 311.71 58 4.2 19.4
0 312.0 3 4.2 19.4
0 312.03 33 4.2 19.4
0 312.128 10 3.7 19.4
0 312.227 10 3.7 19.4
0 312.323 10 3.7 19.4
0 312.533 5 3.7 19.4
0 312.553 51 3.7 19.4
0 312.664 9 3.7 19.4
0 312.764 10 3.7 19.4
0 312.861 10 3.7 19.4
0 312.961 10 3.7 19.4
0 313.175 5 3.7 19.4
0 313.196 46 3.7 19.4
0 313.311 9 3.7 19.4
0 313.398 11 3.7 19.4
0 313.502 10 3.7 19.4
0 313.706 5 3.7 19.4
0 313.726 50 3.7 19.4
0 314.006 4 3.7 19.4
0 314.025 52 3.7 19.4
0 314.131 9 3.7 19.4
0 314.247 9 3.7 19.4
0 314.335 11 3.7 19.4
0 314.539 5 3.7 19.4
0 314.56 48 3.7 19.4
0 314.666 9 3.7 19.4
0 314.768 10 3.7 19.4
0 314.861 11 3.7 19.4
0 314.968 9 3.7 19.4
0 315.066 10 3.7 19.4
0 315.27 5 3.7 19.4
0 315.295 39 3.7 19.4
0 315.399 10 3.7 19.4
0 315.495 10 3.7 19.4
0 315.618 8 3.7 19.4
0 315.803 5 3.7 19.4
0 315.823 50 3.7 19.4
0 316.108 4 3.7 19.4
0 316.147 25 3.7 19.4
0 316.235 11 3.7 19.4
0 316.338 10 3.7 19.4
0 316.538 5 3.7 19.4
0 316.559 49 3.7 19.4
0 316.675 9 3.7 19.4
0 316.765 11 3.7 19.4
0 316.867 10 3.7 19.4
0 316.966 10 3.7 19.4
0 317.062 10 3.7 19.4
0 317.274 5 3.7 19.4
0 317.29 60 3.7 19.4
0 317.402 9 3.7 19.4
0 317.493 11 3.7 19.4
0 317.595 10 3.7 19.4
0 317.813 5 3.7 19.4
0 317.827 69 3.7 19.4
0 318.114 3 3.7 19.4
0 318.131 58 3.7 19.4
0 318.24 9 3.7 19.4
0 318.391 7 3.7 19.4
0 318.554 6 3.7 19.4
0 318.571 58 3.7 19.4
0 318.676 10 3.7 19.4
0 318.778 10 3.7 19.4
0 318.874 10 3.7 19.4
0 318.988 9 3.7 19.4
0 319.082 11 3.7 19.4
0 319.178 10 3.7 19.4
0 319.277 10 3.7 19.4
0 319.379 10 3.7 19.4
0 319.475 10 3.7 19.4
0 319.582 9 3.7 19.4
0 319.682 10 3.7 19.4
0 319.883 5 3.7 19.4
0 319.902 52 3.7 19.4
0 320.181 4 3.7 19.4
0 320.21 34 3.7 19.4
0 320.309 10 3.7 19.4
0 320.571 4 3.7 19.4
0 320.595 42 3.7 19.4
0 320.699 10 3.7 19.4
0 320.797 10 3.7 19.4
0 320.89 11 3.7 19.4
0 320.997 9 3.7 19.4
0 321.095 10 3.7 19.4
0 321.192 10 3.7 19.4
0 321.303 9 3.7 19.4
0 321.393 11 3.7 19.4
0 321.494 10 3.7 19.4
0 321.596 10 3.7 19.4
0 321.695 10 3.7 19.4
0 321.913 5 3.7 19.4
0 321.927 70 3.7 19.4
0 322.255 3 3.5 19.4
0 322.273 55 3.5 19.4
0 322.379 9 3.5 19.4
0 322.645 4 3.5 19.4
0 322.658 77 3.5 19.4
0 322.765 9 3.5 19.4
0 322.866 10 3.5 19.4
0 322.967 10 3.5 19.4
0 323.066 10 3.5 19.4
0 323.174 9 3.5 19.4
0 323.264 11 3.5 19.4
0 323.366 10 3.5 19.4
0 323.464 10 3.5 19.4
0 323.567 10 3.5 19.4
0 323.675 9 3.5 19.4
0 323.767 11 3.5 19.4
0 323.977 5 3.5 19.4
0 323.989 83 3.5 19.4
0 324.281 3 3.5 19.4
0 324.325 23 3.5 19.4
0 324.408 12 3.5 19.4
0 324.852 2 3.5 19.4
0 324.88 36 3.5 19.4
0 324.981 10 3.5 19.4
0 325.083 10 3.5 19.4
0 325.175 11 3.5 19.4
0 325.281 9 3.5 19.4
0 325.385 10 3.5 19.4
0 325.475 11 3.5 19.4
0 325.576 10 3.5 19.4
0 325.68 10 3.5 19.4
0 325.78 10 3.5 19.4
0 325.891 9 3.5 19.4
0 326.033 7 3.5 19.4
0 326.076 23 3.5 19.4
0 326.555 2 3.5 19.4
0 326.767 5 3.5 19.4
0 326.787 49 3.5 19.4
0 326.953 6 3.5 19.4
0 326.995 24 3.5 19.4
0 327.1 10 3.5 19.4
0 327.196 10 3.5 19.4
0 327.295 10 3.5 19.4
0 327.394 10 3.5 19.4
0 327.5 9 3.5 19.4
0 327.598 10 3.5 19.4
0 327.692 11 3.5 19.4
0 327.8 9 3.5 19.4
0 327.891 11 3.5 19.4
0 328.057 6 3.5 19.4
0 328.093 28 3.5 19.4
0 328.308 5 3.5 19.4
0 328.335 37 3.5 19.4
0 328.61 4 3.5 19.4
0 328.82 5 3.5 19.4
0 328.847 37 3.5 19.4
0 329.043 5 3.5 19.4
0 329.068 40 3.5 19.4
0 329.171 10 3.5 19.4
0 329.266 11 3.5 19.4
0 329.377 9 3.5 19.4
0 329.468 11 3.5 19.4
0 329.571 10 3.5 19.4
0 329.668 10 3.5 19.4
0 329.766 10 3.5 19.4
0 329.889 8 3.5 19.4
0 329.971 12 3.5 19.4
0 330.088 9 3.5 19.4
0 330.171 12 3.5 19.4
0 330.375 5 3.5 19.4
0 330.4 40 3.5 19.4
0 330.724 3 3.5 19.4
0 330.835 9 3.5 19.4
0 330.85 69 3.5 19.4
0 330.97 8 3.5 19.4
0 331.122 7 3.5 19.4
0 331.158 28 3.5 19.4
0 331.266 9 3.5 19.4
0 331.412 7 3.5 19.4
0 331.469 18 3.5 19.4
0 331.559 11 3.5 19.4
0 331.718 6 3.5 19.4
0 331.78 16 3.5 19.4
0 331.965 5 3.5 19.4
0 331.993 37 3.5 19.4
0 332.16 6 3.5 19.4
0 332.192 32 3.5 19.4
0 332.403 5 4.1 19.5
0 332.427 42 4.1 19.5
0 332.81 3 4.1 19.5
0 332.909 10 4.1 19.5
0 332.934 40 4.1 19.5
0 333.041 9 4.1 19.5
0 333.202 6 4.1 19.5
0 333.235 30 4.1 19.5
0 333.338 10 4.1 19.5
0 333.442 10 4.1 19.5
0 333.538 10 4.1 19.5
0 333.646 9 4.1 19.5
0 333.797 7 4.1 19.5
0 333.838 25 4.1 19.5
0 333.943 9 4.1 19.5
0 334.089 7 4.1 19.5
0 334.198 9 4.1 19.5
0 334.238 25 4.1 19.5
0 334.478 4 4.1 19.5
0 334.498 51 4.1 19.5
0 334.889 3 4.1 19.5
0 335.0 9 4.1 19.5
0 335.107 9 4.1 19.5
0 335.139 31 4.1 19.5
0 335.308 6 4.1 19.5
0 335.341 30 4.1 19.5
0 335.445 10 4.1 19.5
0 335.546 10 4.1 19.5
0 335.638 11 4.1 19.5
0 335.802 6 4.1 19.5
0 335.839 28 4.1 19.5
0 335.942 10 4.1 19.5
0 336.055 9 4.1 19.5
0 336.14 12 4.1 19.5
0 336.25 9 4.1 19.5
0 336.339 11 4.1 19.5
0 336.897 2 4.1 19.5
0 336.987 11 4.1 19.5
0 337.02 30 4.1 19.5
0 337.193 6 4.1 19.5
0 337.22 37 4.1 19.5
0 337.39 6 4.1 19.5
0 337.427 27 4.1 19.5
0 337.523 11 4.1 19.5
0 337.632 9 4.1 19.5
0 337.733 10 4.1 19.5
0 337.942 5 4.1 19.5
0 337.966 40 4.1 19.5
0 338.076 9 4.1 19.5
0 338.172 10 4.1 19.5
0 338.334 6 4.1 19.5
0 338.37 28 4.1 19.5
0 338.577 5 4.1 19.5
0 338.599 46 4.1 19.5
0 338.99 3 4.1 19.5
0 339.093 10 4.1 19.5
0 339.117 41 4.1 19.5
0 339.275 6 4.1 19.5
0 339.322 21 4.1 19.5
0 339.478 6 4.1 19.5
0 339.526 21 4.1 19.5
0 339.634 9 4.1 19.5
0 339.723 11 4.1 19.5
0 339.819 10 4.1 19.5
0 340.045 4 4.1 19.5
0 340.073 37 4.1 19.5
0 340.19 9 4.1 19.5
0 340.346 6 4.1 19.5
0 340.375 34 4.1 19.5
0 340.587 5 4.1 19.5
0 340.608 49 4.1 19.5
0 341.015 2 4.1 19.5
0 341.111 10 4.1 19.5
0 341.14 34 4.1 19.5
0 341.305 6 4.1 19.5
0 341.346 24 4.1 19.5
0 341.509 6 4.1 19.5
0 341.542 30 4.1 19.5
0 341.646 10 4.1 19.5
0 341.746 10 4.1 19.5
0 341.848 10 4.1 19.5
0 342.054 5 4.1 19.5
0 342.074 49 4.1 19.5
0 342.189 9 4.1 19.5
0 342.348 6 4.1 19.5
0 342.38 31 4.1 19.5
0 342.483 10 4.1 19.5
0 342.583 10 4.1 19.5
0 342.693 9 4.1 19.5
0 343.053 3 4.1 19.5
0 343.1 21 4.1 19.5
0 343.247 7 4.1 19.5
0 343.346 10 4.1 19.5
0 343.381 28 4.1 19.5
0 343.536 6 4.1 19.5
0 343.585 21 4.1 19.5
0 343.689 10 4.1 19.5
0 343.781 11 4.1 19.5
0 343.883 10 4.1 19.5
0 344.089 5 4.1 19.5
0 344.11 47 4.1 19.5
0 344.227 9 4.1 19.5
0 344.38 7 4.1 19.5
0 344.424 22 4.1 19.5
0 344.543 8 4.1 19.5
0 344.623 13 4.1 19.5
0 344.72 10 4.1 19.5
0 345.089 3 4.1 19.5
0 345.124 29 4.1 19.5
0 345.395 4 4.1 19.5
0 345.424 34 4.1 19.5
0 345.593 6 4.1 19.5
0 345.622 34 4.1 19.5
0 345.719 10 4.1 19.5
0 345.824 10 4.1 19.5
0 345.92 10 4.1 19.5
0 346.156 4 4.1 19.5
0 346.178 46 4.1 19.5
0 346.283 10 4.1 19.5
0 346.442 6 4.1 19.5
0 346.481 26 4.1 19.5
0 346.581 10 4.1 19.5
0 346.694 9 4.1 19.5
0 346.785 11 4.1 19.5
0 346.937 7 4.1 19.5
0 347.085 7 4.1 19.5
0 347.105 50 4.1 19.5
0 347.222 9 4.1 19.5
0 347.47 4 4.1 19.5
0 347.488 56 4.1 19.5
0 347.776 3 4.1 19.5
0 347.878 10 4.1 19.5
0 347.887 112 4.1 19.5
0 348.004 9 4.1 19.5
0 348.294 3 4.1 19.5
0 348.322 36 4.1 19.5
0 348.493 6 4.1 19.5
0 348.519 39 4.1 19.5
0 348.619 10 4.1 19.5
0 348.733 9 4.1 19.5
0 348.828 11 4.1 19.5
0 348.981 7 4.1 19.5
0 349.026 22 4.1 19.5
0 349.123 10 4.1 19.5
0 349.223 10 4.1 19.5
0 349.495 4 4.1 19.5
0 349.517 46 4.1 19.5
0 349.651 7 4.1 19.5
0 349.826 6 4.1 19.5
0 349.85 42 4.1 19.5
0 349.958 9 4.1 19.5
0 350.06 10 4.1 19.5
0 350.163 10 4.1 19.5
0 350.355 5 4.1 19.5
0 350.382 37 4.1 19.5
0 350.598 5 4.1 19.5
0 350.617 53 4.1 19.5
0 350.734 9 4.1 19.5
0 350.823 11 4.1 19.5
0 350.982 6 4.1 19.5
0 351.023 24 4.1 19.5
0 351.129 9 4.1 19.5
0 351.231 10 4.1 19.5
0 351.32 11 4.1 19.5
0 351.592 4 4.1 19.5
0 351.614 47 4.1 19.5
0 351.725 9 4.1 19.5
0 351.931 5 4.1 19.5
0 351.986 18 4.1 19.5
0 352.062 13 4.1 19.5
0 352.154 11 4.1 19.5
0 352.256 10 4.1 19.5
0 352.367 9 4.1 19.5
0 352.456 11 4.1 19.5
0 352.66 5 4.2 19.6
0 352.683 44 4.2 19.6
0 352.789 9 4.2 19.6
0 352.895 9 4.2 19.6
0 353.051 6 4.2 19.6
0 353.087 27 4.2 19.6
0 353.187 10 4.2 19.6
0 353.292 10 4.2 19.6
0 353.39 10 4.2 19.6
0 353.698 3 4.2 19.6
0 353.724 39 4.2 19.6
0 353.929 5 4.2 19.6
0 353.948 54 4.2 19.6
0 354.054 9 4.2 19.6
0 354.158 10 4.2 19.6
0 354.258 10 4.2 19.6
0 354.356 10 4.2 19.6
0 354.466 9 4.2 19.6
0 354.554 11 4.2 19.6
0 354.768 5 4.2 19.6
0 354.792 41 4.2 19.6
0 354.893 10 4.2 19.6
0 355.058 6 4.2 19.6
0 355.091 30 4.2 19.6
0 355.198 9 4.2 19.6
0 355.299 10 4.2 19.6
0 355.399 10 4.2 19.6
0 355.718 3 4.2 19.6
0 355.739 48 4.2 19.6
0 355.958 5 4.2 19.6
0 355.982 42 4.2 19.6
0 356.09 9 4.2 19.6
0 356.182 11 4.2 19.6
0 356.317 7 4.2 19.6
0 356.389 14 4.2 19.6
0 356.478 11 4.2 19.6
0 356.587 9 4.2 19.6
0 356.8 5 4.2 19.6
0 356.824 42 4.2 19.6
0 356.976 7 4.2 19.6
0 357.189 5 4.2 19.6
0 357.216 38 4.2 19.6
0 357.321 10 4.2 19.6
0 357.421 10 4.2 19.6
0 357.734 3 4.2 19.6
0 357.756 46 4.2 19.6
0 357.971 5 4.2 19.6
0 357.997 39 4.2 19.6
0 358.103 9 4.2 19.6
0 358.204 10 4.2 19.6
0 358.3 10 4.2 19.6
0 358.404 10 4.2 19.6
0 358.502 10 4.2 19.6
0 358.601 10 4.2 19.6
0 358.763 6 4.2 19.6
0 358.798 28 4.2 19.6
0 358.9 10 4.2 19.6
0 359.059 6 4.2 19.6
0 359.261 5 4.2 19.6
0 359.336 13 4.2 19.6
0 359.391 18 4.2 19.6
0 359.492 10 4.2 19.6
0 359.592 10 4.2 19.6
0 359.811 5 4.2 19.6
0 359.835 43 4.2 19.6
0 360.045 5 4.2 19.6
0 360.071 40 4.2 19.6
0 360.182 9 4.2 19.6
0 360.291 9 4.2 19.6
0 360.379 11 4.2 19.6
0 360.473 11 4.2 19.6
0 360.578 9 4.2 19.6
0 360.675 10 4.2 19.6
0 360.841 6 4.2 19.6
0 360.868 37 4.2 19.6
0 360.979 9 4.2 19.6
0 361.315 3 4.2 19.6
0 361.336 49 4.2 19.6
0 361.447 9 4.2 19.6
0 361.544 10 4.2 19.6
0 361.637 11 4.2 19.6
0 361.848 5 4.2 19.6
0 361.868 51 4.2 19.6
0 362.086 5 4.2 19.6
0 362.114 35 4.2 19.6
0 362.216 10 4.2 19.6
0 362.319 10 4.2 19.6
0 362.412 11 4.2 19.6
0 362.509 10 4.2 19.6
0 362.622 9 4.2 19.6
0 362.713 11 3.8 19.5
0 362.915 5 3.8 19.5
0 362.932 57 3.8 19.5
0 363.042 9 3.8 19.5
0 363.374 3 3.8 19.5
0 363.395 48 3.8 19.5
0 363.515 8 3.8 19.5
0 363.596 12 3.8 19.5
0 363.707 9 3.8 19.5
0 363.907 5 3.8 19.5
0 363.937 33 3.8 19.5
0 364.145 5 3.8 19.5
0 364.167 47 3.8 19.5
0 364.277 9 3.8 19.5
0 364.368 11 3.8 19.5
0 364.47 10 3.8 19.5
0 364.576 9 3.8 19.5
0 364.67 11 3.8 19.5
0 364.775 9 3.8 19.5
0 365.008 4 3.8 19.5
0 365.04 30 3.8 19.5
0 365.15 9 3.8 19.5
0 365.592 2 3.8 19.5
0 365.636 23 3.8 19.5
0 365.738 10 3.8 19.5
0 365.938 5 3.8 19.5
0 366.042 10 3.8 19.5
0 366.062 50 3.8 19.5
0 366.173 9 3.8 19.5
0 366.269 10 3.8 19.5
0 366.394 8 3.8 19.5
0 366.469 13 3.8 19.5
0 366.569 10 3.8 19.5
0 366.673 10 3.8 19.5
0 366.764 11 3.8 19.5
0 366.87 9 3.8 19.5
0 366.969 10 3.8 19.5
0 367.066 10 3.8 19.5
0 367.178 9 3.8 19.5
0 367.54 3 3.8 19.5
0 367.563 42 3.8 19.5
0 367.665 10 3.8 19.5
0 367.77 10 3.8 19.5
0 368.125 3 3.8 19.5
0 368.148 45 3.8 19.5
0 368.251 10 3.8 19.5
0 368.358 9 3.8 19.5
0 368.45 11 3.8 19.5
0 368.547 10 3.8 19.5
0 368.652 10 3.8 19.5
0 368.745 11 3.8 19.5
0 368.852 9 3.8 19.5
0 368.956 10 3.8 19.5
0 369.048 11 3.8 19.5
0 369.144 10 3.8 19.5
0 369.248 10 3.8 19.5
0 369.579 3 3.8 19.5
0 369.599 50 3.8 19.5
0 369.704 10 3.8 19.5
0 369.791 12 3.8 19.5
0 369.889 10 3.8 19.5
0 370.038 7 3.8 19.5
0 370.14 10 3.8 19.5
0 370.19 20 3.8 19.5
0 370.292 10 3.8 19.5
0 370.391 10 3.8 19.5
0 370.491 10 3.8 19.5
0 370.63 7 3.8 19.5
0 370.71 12 3.8 19.5
0 370.803 11 3.8 19.5
0 370.905 10 3.8 19.5
0 371.005 10 3.8 19.5
0 371.103 10 3.8 19.5
0 371.204 10 3.8 19.5
0 371.311 9 3.8 19.5
0 371.68 3 3.8 19.5
0 371.698 56 3.8 19.5
0 371.8 10 3.8 19.5
0 371.91 9 3.8 19.5
0 372.061 7 3.8 19.5
0 372.156 11 3.8 19.5
0 372.202 21 3.8 19.5
0 372.298 10 3.8 19.5
0 372.406 9 3.8 19.5
0 372.568 6 3.8 19.5
0 372.608 25 3.8 19.5
0 372.709 10 3.8 19.5
0 372.847 7 4.2 19.5
0 372.914 15 4.2 19.5
0 373.006 11 4.2 19.5
0 373.109 10 4.2 19.5
0 373.207 10 4.2 19.5
0 373.307 10 4.2 19.5
0 373.626 3 4.2 19.5
0 373.641 66 4.2 19.5
0 373.748 9 4.2 19.5
0 373.85 10 4.2 19.5
0 373.949 10 4.2 19.5
0 374.179 4 4.2 19.5
0 374.198 52 4.2 19.5
0 374.301 10 4.2 19.5
0 374.402 10 4.2 19.5
0 374.551 7 4.2 19.5
0 374.674 8 4.2 19.5
0 374.704 33 4.2 19.5
0 374.803 10 4.2 19.5
0 374.905 10 4.2 19.5
0 375.011 9 4.2 19.5
0 375.1 11 4.2 19.5
0 375.207 9 4.2 19.5
0 375.305 10 4.2 19.5
0 375.511 5 4.2 19.5
0 375.646 7 4.2 19.5
0 375.666 49 4.2 19.5
0 375.781 9 4.2 19.5
0 375.881 10 4.2 19.5
0 375.971 11 4.2 19.5
0 376.203 4 4.2 19.5
0 376.228 41 4.2 19.5
0 376.335 9 4.2 19.5
0 376.428 11 4.2 19.5
0 376.528 10 4.2 19.5
0 376.741 5 4.2 19.5
0 376.761 51 4.2 19.5
0 376.871 9 4.2 19.5
0 376.967 10 4.2 19.5
0 377.065 10 4.2 19.5
0 377.161 10 4.2 19.5
0 377.272 9 4.2 19.5
0 377.368 10 4.2 19.5
0 377.687 3 4.2 19.5
0 377.707 51 4.2 19.5
0 377.874 6 4.2 19.5
0 377.92 22 4.2 19.5
0 378.012 11 4.2 19.5
0 378.235 4 4.2 19.5
0 378.257 46 4.2 19.5
0 378.368 9 4.2 19.5
0 378.464 10 4.2 19.5
0 378.561 10 4.2 19.5
0 378.781 5 4.2 19.5
0 378.805 42 4.2 19.5
0 378.915 9 4.2 19.5
0 379.013 10 4.2 19.5
0 379.113 10 4.2 19.5
0 379.208 10 4.2 19.5
0 379.313 10 4.2 19.5
0 379.413 10 4.2 19.5
0 379.787 3 4.2 19.5
0 379.819 32 4.2 19.5
0 379.918 10 4.2 19.5
0 380.014 10 4.2 19.5
0 380.299 4 4.2 19.5
0 380.334 28 4.2 19.5
0 380.428 11 4.2 19.5
0 380.521 11 4.2 19.5
0 380.625 10 4.2 19.5
0 380.878 4 4.2 19.5
0 380.896 56 4.2 19.5
0 381.008 9 4.2 19.5
0 381.102 11 4.2 19.5
0 381.212 9 4.2 19.5
0 381.308 10 4.2 19.5
0 381.41 10 4.2 19.5
0 381.505 10 4.2 19.5
0 381.885 3 4.2 19.5
0 381.919 29 4.2 19.5
0 382.011 11 4.2 19.5
0 382.108 10 4.2 19.5
0 382.38 4 4.2 19.5
0 382.406 39 4.2 19.5
0 382.518 9 4.2 19.5
0 382.605 11 4.2 19.5
0 382.705 10 4.2 19.5
0 382.976 4 4.0 19.5
0 382.986 94 4.0 19.5
0 383.118 8 4.0 19.5
0 383.203 12 4.0 19.5
0 383.299 10 4.0 19.5
0 383.399 10 4.0 19.5
0 383.496 10 4.0 19.5
0 383.599 10 4.0 19.5
0 383.982 3 4.0 19.5
0 384.004 45 4.0 19.5
0 384.11 9 4.0 19.5
0 384.262 7 4.0 19.5
0 384.422 6 4.0 19.5
0 384.45 35 4.0 19.5
0 384.563 9 4.0 19.5
0 384.648 12 4.0 19.5
0 384.748 10 4.0 19.5
0 384.966 5 4.0 19.5
0 384.986 50 4.0 19.5
0 385.104 8 4.0 19.5
0 385.193 11 4.0 19.5
0 385.291 10 4.0 19.5
0 385.398 9 4.0 19.5
0 385.493 11 4.0 19.5
0 385.607 9 4.0 19.5
0 385.691 12 4.0 19.5
0 386.149 2 4.0 19.5
0 386.17 47 4.0 19.5
0 386.436 4 4.0 19.5
0 386.462 38 4.0 19.5
0 386.566 10 4.0 19.5
0 386.668 10 4.0 19.5
0 386.758 11 4.0 19.5
0 386.876 9 4.0 19.5
0 387.051 6 4.0 19.5
0 387.073 44 4.0 19.5
0 387.187 9 4.0 19.5
0 387.275 11 4.0 19.5
0 387.377 10 4.0 19.5
0 387.479 10 4.0 19.5
0 387.578 10 4.0 19.5
0 387.677 10 4.0 19.5
0 387.831 7 4.0 19.5
0 388.15 3 4.0 19.5
0 388.158 134 4.0 19.5
0 388.455 3 4.0 19.5
0 388.473 56 4.0 19.5
0 388.58 9 4.0 19.5
0 388.679 10 4.0 19.5
0 388.778 10 4.0 19.5
0 389.055 4 4.0 19.5
0 389.074 54 4.0 19.5
0 389.179 9 4.0 19.5
0 389.278 10 4.0 19.5
0 389.372 11 4.0 19.5
0 389.479 9 4.0 19.5
0 389.587 9 4.0 19.5
0 389.68 11 4.0 19.5
0 389.783 10 4.0 19.5
0 389.989 5 4.0 19.5
0 390.003 70 4.0 19.5
0 390.122 8 4.0 19.5
0 390.211 11 4.0 19.5
0 390.498 3 4.0 19.5
0 390.514 65 4.0 19.5
0 390.631 9 4.0 19.5
0 390.724 11 4.0 19.5
0 390.819 10 4.0 19.5
0 391.087 4 4.0 19.5
0 391.104 58 4.0 19.5
0 391.219 9 4.0 19.5
0 391.31 11 4.0 19.5
0 391.409 10 4.0 19.5
0 391.509 10 4.0 19.5
0 391.616 9 4.0 19.5
0 391.708 11 4.0 19.5
0 391.818 9 4.0 19.5
0 392.015 5 4.0 19.5
0 392.033 54 4.0 19.5
0 392.146 9 4.0 19.5
0 392.236 11 4.0 19.5
0 392.519 4 4.0 19.5
0 392.593 14 4.0 19.5
0 392.644 20 4.0 19.5
0 392.74 10 4.0 19.5
0 392.9 6 4.0 19.5
0 393.167 4 3.7 19.5
0 393.18 82 3.7 19.5
0 393.29 9 3.7 19.5
0 393.391 10 3.7 19.5
0 393.489 10 3.7 19.5
0 393.592 10 3.7 19.5
0 393.696 10 3.7 19.5
0 393.788 11 3.7 19.5
0 393.889 10 3.7 19.5
0 394.1 5 3.7 19.5
0 394.114 68 3.7 19.5
0 394.238 8 3.7 19.5
0 394.321 12 3.7 19.5
0 394.48 6 3.7 19.5
0 394.521 24 3.7 19.5
0 394.625 10 3.7 19.5
0 394.722 10 3.7 19.5
0 394.836 9 3.7 19.5
0 394.923 11 3.7 19.5
0 395.189 4 3.7 19.5
0 395.205 63 3.7 19.5
0 395.315 9 3.7 19.5
0 395.418 10 3.7 19.5
0 395.51 11 3.7 19.5
0 395.615 9 3.7 19.5
0 395.706 11 3.7 19.5
0 395.813 9 3.7 19.5
0 395.92 9 3.7 19.5
0 396.115 5 3.7 19.5
0 396.127 84 3.7 19.5
0 396.302 6 3.7 19.5
0 396.356 18 3.7 19.5
0 396.531 6 3.7 19.5
0 396.57 26 3.7 19.5
0 396.677 9 3.7 19.5
0 396.774 10 3.7 19.5
0 396.871 10 3.7 19.5
0 396.98 9 3.7 19.5
0 397.244 4 3.7 19.5
0 397.283 26 3.7 19.5
0 397.383 10 3.7 19.5
0 397.481 10 3.7 19.5
0 397.594 9 3.7 19.5
0 397.686 11 3.7 19.5
0 397.797 9 3.7 19.5
0 397.887 11 3.7 19.5
0 397.986 10 3.7 19.5
0 398.254 4 3.7 19.5
0 398.273 53 3.7 19.5
0 398.403 8 3.7 19.5
0 398.597 5 3.7 19.5
0 398.627 33 3.7 19.5
0 398.74 9 3.7 19.5
0 398.835 11 3.7 19.5
0 398.952 9 3.7 19.5
0 399.041 11 3.7 19.5
0 399.295 4 3.7 19.5
0 399.325 33 3.7 19.5
0 399.441 9 3.7 19.5
0 399.544 10 3.7 19.5
0 399.64 11 3.7 19.5
0 399.734 11 3.7 19.5
0 399.836 10 3.7 19.5
0 399.933 10 3.7 19.5
0 400.047 9 3.7 19.5
0 400.233 5 3.7 19.5
0 400.26 37 3.7 19.5
0 400.376 9 3.7 19.5
0 400.473 10 3.7 19.5
0 400.707 4 3.7 19.5
0 400.738 32 3.7 19.5
0 400.85 9 3.7 19.5
0 400.948 10 3.7 19.5
0 401.047 10 3.7 19.5
0 401.389 3 3.7 19.5
0 401.437 21 3.7 19.5
0 401.532 10 3.7 19.5
0 401.626 11 3.7 19.5
0 401.728 10 3.7 19.5
0 401.888 6 3.7 19.5
0 401.908 51 3.7 19.5
0 402.033 8 3.7 19.5
0 402.134 10 3.7 19.5
0 402.382 4 3.7 19.5
0 402.403 49 3.7 19.5
0 402.518 9 3.7 19.5
0 402.728 5 3.7 19.5
0 402.753 40 3.7 19.5
0 402.877 8 3.7 19.5
0 402.974 10 3.7 19.5
0 403.075 10 3.7 19.5
0 403.465 3 4.1 19.5
0 403.491 38 4.1 19.5
0 403.606 9 4.1 19.5
0 403.7 11 4.1 19.5
0 403.806 9 4.1 19.5
0 403.959 7 4.1 19.5
0 404.016 18 4.1 19.5
0 404.098 12 4.1 19.5
0 404.204 9 4.1 19.5
0 404.407 5 4.1 19.5
0 404.443 28 4.1 19.5
0 404.559 9 4.1 19.5
0 404.75 5 4.1 19.5
0 404.783 30 4.1 19.5
0 404.895 9 4.1 19.5
0 404.986 11 4.1 19.5
0 405.099 9 4.1 19.5
0 405.189 11 4.1 19.5
0 405.291 10 4.1 19.5
0 405.448 6 4.1 19.5
0 405.476 36 4.1 19.5
0 405.589 9 4.1 19.5
0 405.718 8 4.1 19.5
0 405.794 13 4.1 19.5
0 405.893 10 4.1 19.5
0 406.037 7 4.1 19.5
0 406.095 17 4.1 19.5
0 406.189 11 4.1 19.5
0 406.292 10 4.1 19.5
0 406.544 4 4.1 19.5
0 406.56 63 4.1 19.5
0 406.802 4 4.1 19.5
0 406.829 37 4.1 19.5
0 406.941 9 4.1 19.5
0 407.042 10 4.1 19.5
0 407.144 10 4.1 19.5
0 407.243 10 4.1 19.5
0 407.392 7 4.1 19.5
0 407.488 10 4.1 19.5
0 407.526 26 4.1 19.5
0 407.626 10 4.1 19.5
0 407.724 10 4.1 19.5
0 407.829 10 4.1 19.5
0 407.933 10 4.1 19.5
0 408.085 7 4.1 19.5
0 408.126 24 4.1 19.5
0 408.219 11 4.1 19.5
0 408.377 6 4.1 19.5
0 408.594 5 4.1 19.5
0 408.603 112 4.1 19.5
0 408.826 4 4.1 19.5
0 408.845 52 4.1 19.5
0 408.952 9 4.1 19.5
0 409.053 10 4.1 19.5
0 409.154 10 4.1 19.5
0 409.255 10 4.1 19.5
0 409.357 10 4.1 19.5
0 409.614 4 4.1 19.5
0 409.634 50 4.1 19.5
0 409.747 9 4.1 19.5
0 409.836 11 4.1 19.5
0 409.937 10 4.1 19.5
0 410.093 6 4.1 19.5
0 410.139 22 4.1 19.5
0 410.24 10 4.1 19.5
0 410.343 10 4.1 19.5
0 410.542 5 4.1 19.5
0 410.558 60 4.1 19.5
0 410.674 9 4.1 19.5
0 410.9 4 4.1 19.5
0 410.914 70 4.1 19.5
0 411.023 9 4.1 19.5
0 411.128 10 4.1 19.5
0 411.226 10 4.1 19.5
0 411.323 10 4.1 19.5
0 411.429 9 4.1 19.5
0 411.781 3 4.1 19.5
0 411.796 65 4.1 19.5
0 411.901 10 4.1 19.5
0 412.008 9 4.1 19.5
0 412.167 6 4.1 19.5
0 412.201 29 4.1 19.5
0 412.307 9 4.1 19.5
0 412.421 9 4.1 19.5
0 412.614 5 4.1 19.5
0 412.625 89 4.1 19.5
0 412.737 9 4.1 19.5
0 412.902 6 4.1 19.5
0 412.938 27 4.1 19.5
0 413.037 10 4.1 19.5
0 413.143 9 4.1 19.5
0 413.234 11 4.1 19.5
0 413.382 7 4.1 19.5
0 413.447 15 4.1 19.5
0 413.658 5 4.0 19.6
0 413.735 13 4.0 19.6
0 413.789 19 4.0 19.6
0 413.881 11 4.0 19.6
0 413.982 10 4.0 19.6
0 414.082 10 4.0 19.6
0 414.249 6 4.0 19.6
0 414.282 30 4.0 19.6
0 414.378 10 4.0 19.6
0 414.484 9 4.0 19.6
0 414.693 5 4.0 19.6
0 414.704 87 4.0 19.6
0 414.82 9 4.0 19.6
0 415.027 5 4.0 19.6
0 415.039 81 4.0 19.6
0 415.142 10 4.0 19.6
0 415.242 10 4.0 19.6
0 415.347 10 4.0 19.6
0 415.445 10 4.0 19.6
0 415.65 5 4.0 19.6
0 415.662 86 4.0 19.6
0 415.835 6 4.0 19.6
0 415.873 26 4.0 19.6
0 416.046 6 4.0 19.6
0 416.07 40 4.0 19.6
0 416.174 10 4.0 19.6
0 416.34 6 4.0 19.6
0 416.376 28 4.0 19.6
0 416.467 11 4.0 19.6
0 416.575 9 4.0 19.6
0 416.667 11 4.0 19.6
0 416.836 6 4.0 19.6
0 416.888 19 4.0 19.6
0 416.972 12 4.0 19.6
0 417.069 10 4.0 19.6
0 417.173 10 4.0 19.6
0 417.265 11 4.0 19.6
0 417.425 6 4.0 19.6
0 417.474 20 4.0 19.6
0 417.674 5 4.0 19.6
0 417.691 57 4.0 19.6
0 417.85 6 4.0 19.6
0 417.89 25 4.0 19.6
0 417.997 9 4.0 19.6
0 418.098 10 4.0 19.6
0 418.194 10 4.0 19.6
0 418.353 6 4.0 19.6
0 418.443 11 4.0 19.6
0 418.501 17 4.0 19.6
0 418.683 5 4.0 19.6
0 418.75 15 4.0 19.6
0 418.8 20 4.0 19.6
0 418.9 10 4.0 19.6
0 419.013 9 4.0 19.6
0 419.103 11 4.0 19.6
0 419.205 10 4.0 19.6
0 419.304 10 4.0 19.6
0 419.405 10 4.0 19.6
0 419.571 6 4.0 19.6
0 419.71 7 4.0 19.6
0 419.725 70 4.0 19.6
0 419.9 6 4.0 19.6
0 419.932 31 4.0 19.6
0 420.031 10 4.0 19.6
0 420.138 9 4.0 19.6
0 420.238 10 4.0 19.6
0 420.441 5 4.0 19.6
0 420.457 62 4.0 19.6
0 420.563 9 4.0 19.6
0 420.669 9 4.0 19.6
0 420.763 11 4.0 19.6
0 420.865 10 4.0 19.6
0 420.961 10 4.0 19.6
0 421.084 8 4.0 19.6
0 421.17 12 4.0 19.6
0 421.265 11 4.0 19.6
0 421.366 10 4.0 19.6
0 421.465 10 4.0 19.6
0 421.737 4 4.0 19.6
0 421.75 77 4.0 19.6
0 421.979 4 4.0 19.6
0 421.989 102 4.0 19.6
0 422.099 9 4.0 19.6
0 422.197 10 4.0 19.6
0 422.312 9 4.0 19.6
0 422.521 5 4.0 19.6
0 422.535 68 4.0 19.6
0 422.64 10 4.0 19.6
0 422.737 10 4.0 19.6
0 422.845 9 4.0 19.6
0 422.94 11 4.0 19.6
0 423.042 10 4.0 19.6
0 423.14 10 4.0 19.6
0 423.237 10 4.0 19.6
0 423.345 9 4.0 19.6
0 423.487 7 4.0 19.6
0 423.547 16 4.0 19.6
0 423.76 5 3.6 19.6
0 423.77 106 3.6 19.6
0 423.945 6 3.6 19.6
0 423.978 31 3.6 19.6
0 424.089 9 3.6 19.6
0 424.176 11 3.6 19.6
0 424.279 10 3.6 19.6
0 424.379 10 3.6 19.6
0 424.592 5 3.6 19.6
0 424.608 64 3.6 19.6
0 424.712 10 3.6 19.6
0 424.808 10 3.6 19.6
0 424.913 9 3.6 19.6
0 425.013 10 3.6 19.6
0 425.118 9 3.6 19.6
0 425.263 7 3.6 19.6
0 425.308 22 3.6 19.6
0 425.411 10 3.6 19.6
0 425.518 9 3.6 19.6
0 425.613 11 3.6 19.6
0 425.778 6 3.6 19.6
0 425.811 31 3.6 19.6
0 426.054 4 3.6 19.6
0 426.073 53 3.6 19.6
0 426.177 10 3.6 19.6
0 426.28 10 3.6 19.6
0 426.376 10 3.6 19.6
0 426.476 10 3.6 19.6
0 426.681 5 3.6 19.6
0 426.704 45 3.6 19.6
0 426.809 9 3.6 19.6
0 426.904 11 3.6 19.6
0 427.083 6 3.6 19.6
0 427.094 93 3.6 19.6
0 427.209 9 3.6 19.6
0 427.311 10 3.6 19.6
0 427.409 10 3.6 19.6
0 427.504 11 3.6 19.6
0 427.608 10 3.6 19.6
0 427.706 10 3.6 19.6
0 427.909 5 3.6 19.6
0 427.99 12 3.6 19.6
0 428.029 26 3.6 19.6
0 428.186 6 3.6 19.6
0 428.233 21 3.6 19.6
0 428.335 10 3.6 19.6
0 428.441 9 3.6 19.6
0 428.685 4 3.6 19.6
0 428.768 12 3.6 19.6
0 428.807 25 3.6 19.6
0 428.906 10 3.6 19.6
0 429.01 10 3.6 19.6
0 429.107 10 3.6 19.6
0 429.209 10 3.6 19.6
0 429.309 10 3.6 19.6
0 429.407 10 3.6 19.6
0 429.512 10 3.6 19.6
0 429.609 10 3.6 19.6
0 429.704 10 3.6 19.6
0 429.913 5 3.6 19.6
0 430.0 11 3.6 19.6
0 430.04 25 3.6 19.6
0 430.19 7 3.6 19.6
0 430.297 9 3.6 19.6
0 430.336 25 3.6 19.6
0 430.438 10 3.6 19.6
0 430.543 10 3.6 19.6
0 430.876 3 3.6 19.6
0 430.886 105 3.6 19.6
0 431.002 9 3.6 19.6
0 431.123 8 3.6 19.6
0 431.205 12 3.6 19.6
0 431.301 10 3.6 19.6
0 431.402 10 3.6 19.6
0 431.503 10 3.6 19.6
0 431.594 11 3.6 19.6
0 431.706 9 3.6 19.6
0 431.8 11 3.6 19.6
0 432.089 3 3.6 19.6
0 432.099 106 3.6 19.6
0 432.282 5 3.6 19.6
0 432.309 37 3.6 19.6
0 432.417 9 3.6 19.6
0 432.534 9 3.6 19.6
0 432.648 9 3.6 19.6
0 432.828 6 3.6 19.6
0 432.845 60 3.6 19.6
0 433.01 6 3.6 19.6
0 433.053 23 3.6 19.6
0 433.16 9 3.6 19.6
0 433.256 10 3.6 19.6
0 433.359 10 3.6 19.6
0 433.453 11 3.6 19.6
0 433.605 7 3.6 19.6
0 433.655 20 3.6 19.6
0 433.828 6 3.7 19.6
0 433.839 93 3.7 19.6
0 434.169 3 3.7 19.6
0 434.19 48 3.7 19.6
0 434.353 6 3.7 19.6
0 434.393 25 3.7 19.6
0 434.495 10 3.7 19.6
0 434.595 10 3.7 19.6
0 434.701 9 3.7 19.6
0 434.896 5 3.7 19.6
0 434.923 37 3.7 19.6
0 435.121 5 3.7 19.6
0 435.148 38 3.7 19.6
0 435.31 6 3.7 19.6
0 435.354 23 3.7 19.6
0 435.45 10 3.7 19.6
0 435.547 10 3.7 19.6
0 435.646 10 3.7 19.6
0 435.757 9 3.7 19.6
0 435.853 10 3.7 19.6
0 435.945 11 3.7 19.6
0 436.255 3 3.7 19.6
0 436.275 52 3.7 19.6
0 436.445 6 3.7 19.6
0 436.478 30 3.7 19.6
0 436.582 10 3.7 19.6
0 436.682 10 3.7 19.6
0 436.783 10 3.7 19.6
0 436.994 5 3.7 19.6
0 437.011 59 3.7 19.6
0 437.291 4 3.7 19.6
0 437.373 12 3.7 19.6
0 437.411 26 3.7 19.6
0 437.545 7 3.7 19.6
0 437.616 14 3.7 19.6
0 437.736 8 3.7 19.6
0 437.82 12 3.7 19.6
0 437.91 11 3.7 19.6
0 438.012 10 3.7 19.6
0 438.322 3 3.7 19.6
0 438.343 46 3.7 19.6
0 438.502 6 3.7 19.6
0 438.544 23 3.7 19.6
0 438.692 7 3.7 19.6
0 438.747 18 3.7 19.6
0 438.946 5 3.7 19.6
0 438.968 47 3.7 19.6
0 439.067 10 3.7 19.6
0 439.28 5 3.7 19.6
0 439.297 57 3.7 19.6
0 439.408 9 3.7 19.6
0 439.511 10 3.7 19.6
0 439.606 11 3.7 19.6
0 439.702 10 3.7 19.6
0 439.8 10 3.7 19.6
0 439.909 9 3.7 19.6
0 440.006 10 3.7 19.6
0 440.108 10 3.7 19.6
0 440.522 2 3.7 19.6
0 440.543 47 3.7 19.6
0 440.643 10 3.7 19.6
0 440.743 10 3.7 19.6
0 440.845 10 3.7 19.6
0 440.941 10 3.7 19.6
0 441.054 9 3.7 19.6
0 441.144 11 3.7 19.6
0 441.352 5 3.7 19.6
0 441.378 39 3.7 19.6
0 441.481 10 3.7 19.6
0 441.625 7 3.7 19.6
0 441.69 15 3.7 19.6
0 441.778 11 3.7 19.6
0 441.873 10 3.7 19.6
0 441.985 9 3.7 19.6
0 442.078 11 3.7 19.6
0 442.184 9 3.7 19.6
0 442.331 7 3.7 19.6
0 442.589 4 3.7 19.6
0 442.608 51 3.7 19.6
0 442.839 4 3.7 19.6
0 442.878 25 3.7 19.6
0 442.954 13 3.7 19.6
0 443.062 9 3.7 19.6
0 443.167 9 3.7 19.6
0 443.365 5 3.7 19.6
0 443.388 43 3.7 19.6
0 443.491 10 3.7 19.6
0 443.587 10 3.7 19.6
0 443.773 5 3.7 19.6
0 443.783 105 3.7 19.6
0 443.935 7 3.9 19.6
0 443.997 16 3.9 19.6
0 444.101 10 3.9 19.6
0 444.198 10 3.9 19.6
0 444.309 9 3.9 19.6
0 444.612 3 3.9 19.6
0 444.63 55 3.9 19.6
0 444.739 9 3.9 19.6
0 444.899 6 3.9 19.6
0 444.938 26 3.9 19.6
0 445.036 10 3.9 19.6
0 445.141 10 3.9 19.6
0 445.235 11 3.9 19.6
0 445.472 4 3.9 19.6
0 445.493 47 3.9 19.6
0 445.6 9 3.9 19.6
0 445.763 6 3.9 19.6
0 445.797 29 3.9 19.6
0 445.899 10 3.9 19.6
0 445.994 11 3.9 19.6
0 446.096 10 3.9 19.6
0 446.199 10 3.9 19.6
0 446.305 9 3.9 19.6
0 446.617 3 3.9 19.6
0 446.638 47 3.9 19.6
0 446.742 10 3.9 19.6
0 446.903 6 3.9 19.6
0 446.941 26 3.9 19.6
0 447.043 10 3.9 19.6
0 447.145 10 3.9 19.6
0 447.236 11 3.9 19.6
0 447.486 4 3.9 19.6
0 447.609 8 3.9 19.6
0 447.632 45 3.9 19.6
0 447.794 6 3.9 19.6
0 447.836 24 3.9 19.6
0 447.973 7 3.9 19.6
0 448.05 13 3.9 19.6
0 448.138 11 3.9 19.6
0 448.231 11 3.9 19.6
0 448.337 9 3.9 19.6
0 448.697 3 3.9 19.6
0 448.718 48 3.9 19.6
0 448.908 5 3.9 19.6
0 448.951 23 3.9 19.6
0 449.035 12 3.9 19.6
0 449.131 10 3.9 19.6
0 449.24 9 3.9 19.6
0 449.33 11 3.9 19.6
0 449.436 9 3.9 19.6
0 449.647 5 3.9 19.6
0 449.662 65 3.9 19.6
0 449.834 6 3.9 19.6
0 449.868 29 3.9 19.6
0 449.974 9 3.9 19.6
0 450.069 11 3.9 19.6
0 450.167 10 3.9 19.6
0 450.272 10 3.9 19.6
0 450.419 7 3.9 19.6
0 450.479 17 3.9 19.6
0 450.571 11 3.9 19.6
0 450.836 4 3.9 19.6
0 450.922 12 3.9 19.6
0 450.965 24 3.9 19.6
0 451.059 11 3.9 19.6
0 451.157 10 3.9 19.6
0 451.264 9 3.9 19.6
0 451.358 11 3.9 19.6
0 451.461 10 3.9 19.6
0 451.675 5 3.9 19.6
0 451.833 6 3.9 19.6
0 451.915 12 3.9 19.6
0 451.956 24 3.9 19.6
0 452.061 9 3.9 19.6
0 452.166 10 3.9 19.6
0 452.255 11 3.9 19.6
0 452.388 8 3.9 19.6
0 452.464 13 3.9 19.6
0 452.559 10 3.9 19.6
0 452.659 10 3.9 19.6
0 452.987 3 3.9 19.6
0 453.044 18 3.9 19.6
0 453.117 14 3.9 19.6
0 453.213 10 3.9 19.6
0 453.319 9 3.9 19.6
0 453.407 11 3.9 19.6
0 453.518 9 3.9 19.6
0 453.736 5 3.9 19.6
0 453.766 33 3.9 19.6
0 453.976 5 4.0 19.6
0 453.987 91 4.0 19.6
0 454.111 8 4.0 19.6
0 454.21 10 4.0 19.6
0 454.31 10 4.0 19.6
0 454.409 10 4.0 19.6
0 454.507 10 4.0 19.6
0 454.602 11 4.0 19.6
0 454.712 9 4.0 19.6
0 455.08 3 4.0 19.6
0 455.116 28 4.0 19.6
0 455.217 10 4.0 19.6
0 455.308 11 4.0 19.6
0 455.445 7 4.0 19.6
0 455.516 14 4.0 19.6
0 455.611 11 4.0 19.6
0 455.874 4 4.0 19.6
0 455.972 10 4.0 19.6
0 456.052 12 4.0 19.6
0 456.099 22 4.0 19.6
0 456.204 10 4.0 19.6
0 456.308 10 4.0 19.6
0 456.404 10 4.0 19.6
0 456.498 11 4.0 19.6
0 456.6 10 4.0 19.6
0 456.709 9 4.0 19.6
0 456.803 11 4.0 19.6
0 457.172 3 4.0 19.6
0 457.194 45 4.0 19.6
0 457.302 9 4.0 19.6
0 457.399 10 4.0 19.6
0 457.509 9 4.0 19.6
0 457.601 11 4.0 19.6
0 457.726 8 4.0 19.6
0 457.962 4 4.0 19.6
0 458.07 9 4.0 19.6
0 458.092 46 4.0 19.6
0 458.206 9 4.0 19.6
0 458.308 10 4.0 19.6
0 458.399 11 4.0 19.6
0 458.504 10 4.0 19.6
0 458.602 10 4.0 19.6
0 458.706 10 4.0 19.6
0 458.799 11 4.0 19.6
0 459.18 3 4.0 19.6
0 459.203 43 4.0 19.6
0 459.435 4 4.0 19.6
0 459.448 76 4.0 19.6
0 459.562 9 4.0 19.6
0 459.662 10 4.0 19.6
0 459.764 10 4.0 19.6
0 460.03 4 4.0 19.6
0 460.14 9 4.0 19.6
0 460.168 35 4.0 19.6
0 460.268 10 4.0 19.6
0 460.366 10 4.0 19.6
0 460.468 10 4.0 19.6
0 460.574 9 4.0 19.6
0 460.668 11 4.0 19.6
0 460.769 10 4.0 19.6
0 460.866 10 4.0 19.6
0 461.078 5 4.0 19.6
0 461.115 27 4.0 19.6
0 461.271 6 4.0 19.6
0 461.303 31 4.0 19.6
0 461.405 10 4.0 19.6
0 461.559 7 4.0 19.6
0 461.611 19 4.0 19.6
0 461.706 10 4.0 19.6
0 462.03 3 4.0 19.6
0 462.241 5 4.0 19.6
0 462.273 32 4.0 19.6
0 462.375 10 4.0 19.6
0 462.474 10 4.0 19.6
0 462.57 10 4.0 19.6
0 462.679 9 4.0 19.6
0 462.772 11 4.0 19.6
0 462.877 9 4.0 19.6
0 463.081 5 4.0 19.6
0 463.104 44 4.0 19.6
0 463.281 6 4.0 19.6
0 463.309 36 4.0 19.6
0 463.419 9 4.0 19.6
0 463.571 7 4.0 19.6
0 463.607 28 4.0 19.6
0 463.708 10 4.0 19.6
0 463.824 9 4.0 19.6
0 464.123 3 4.1 19.6
0 464.326 5 4.1 19.6
0 464.362 27 4.1 19.6
0 464.455 11 4.1 19.6
0 464.552 10 4.1 19.6
0 464.656 10 4.1 19.6
0 464.758 10 4.1 19.6
0 464.858 10 4.1 19.6
0 464.956 10 4.1 19.6
0 465.158 5 4.1 19.6
0 465.183 41 4.1 19.6
0 465.359 6 4.1 19.6
0 465.397 27 4.1 19.6
0 465.495 10 4.1 19.6
0 465.645 7 4.1 19.6
0 465.744 10 4.1 19.6
0 465.793 20 4.1 19.6
0 465.897 10 4.1 19.6
0 466.207 3 4.1 19.6
0 466.462 4 4.1 19.6
0 466.496 29 4.1 19.6
0 466.602 10 4.1 19.6
0 466.693 11 4.1 19.6
0 466.796 10 4.1 19.6
0 466.903 9 4.1 19.6
0 466.993 11 4.1 19.6
0 467.218 4 4.1 19.6
0 467.242 42 4.1 19.6
0 467.454 5 4.1 19.6
0 467.485 32 4.1 19.6
0 467.59 10 4.1 19.6
0 467.807 5 4.1 19.6
0 467.835 37 4.1 19.6
0 467.942 9 4.1 19.6
0 468.208 4 4.1 19.6
0 468.299 11 4.1 19.6
0 468.547 4 4.1 19.6
0 468.571 42 4.1 19.6
0 468.677 9 4.1 19.6
0 468.771 11 4.1 19.6
0 468.868 10 4.1 19.6
0 468.978 9 4.1 19.6
0 469.076 10 4.1 19.6
0 469.17 11 4.1 19.6
0 469.274 10 4.1 19.6
0 469.47 5 4.1 19.6
0 469.5 33 4.1 19.6
0 469.664 6 4.1 19.6
0 469.816 7 4.1 19.6
0 469.838 46 4.1 19.6
0 469.945 9 4.1 19.6
0 470.049 10 4.1 19.6
0 470.21 6 4.1 19.6
0 470.245 29 4.1 19.6
0 470.555 3 4.1 19.6
0 470.582 37 4.1 19.6
0 470.687 10 4.1 19.6
0 470.787 10 4.1 19.6
0 470.878 11 4.1 19.6
0 470.984 9 4.1 19.6
0 471.085 10 4.1 19.6
0 471.187 10 4.1 19.6
0 471.281 11 4.1 19.6
0 471.548 4 4.1 19.6
0 471.572 42 4.1 19.6
0 471.744 6 4.1 19.6
0 471.901 6 4.1 19.6
0 471.923 45 4.1 19.6
0 472.026 10 4.1 19.6
0 472.129 10 4.1 19.6
0 472.3 6 4.1 19.6
0 472.327 37 4.1 19.6
0 472.647 3 4.1 19.6
0 472.67 44 4.1 19.6
0 472.782 9 4.1 19.6
0 472.895 9 4.1 19.6
0 472.976 12 4.1 19.6
0 473.079 10 4.1 19.6
0 473.172 11 4.1 19.6
0 473.276 10 4.1 19.6
0 473.38 10 4.1 19.6
0 473.578 5 4.1 19.6
0 473.606 35 4.1 19.6
0 473.715 9 4.1 19.6
0 473.931 5 4.1 19.6
0 473.948 57 4.1 19.6
0 474.067 8 4.1 19.6
0 474.164 10 4.6 19.6
0 474.37 5 4.6 19.6
0 474.395 40 4.6 19.6
0 474.731 3 4.6 19.6
0 474.757 39 4.6 19.6
0 474.855 10 4.6 19.6
0 474.954 10 4.6 19.6
0 475.062 9 4.6 19.6
0 475.164 10 4.6 19.6
0 475.264 10 4.6 19.6
0 475.354 11 4.6 19.6
0 475.46 9 4.6 19.6
0 475.655 5 4.6 19.6
0 475.684 35 4.6 19.6
0 475.845 6 4.6 19.6
0 475.989 7 4.6 19.6
0 476.007 54 4.6 19.6
0 476.114 9 4.6 19.6
0 476.213 10 4.6 19.6
0 476.433 5 4.6 19.6
0 476.453 49 4.6 19.6
0 476.56 9 4.6 19.6
0 476.761 5 4.6 19.6
0 476.786 39 4.6 19.6
0 476.894 9 4.6 19.6
0 476.984 11 4.6 19.6
0 477.102 8 4.6 19.6
0 477.182 13 4.6 19.6
0 477.289 9 4.6 19.6
0 477.389 10 4.6 19.6
0 477.49 10 4.6 19.6
0 477.743 4 4.6 19.6
0 477.766 44 4.6 19.6
0 477.933 6 4.6 19.6
0 478.1 6 4.6 19.6
0 478.114 69 4.6 19.6
0 478.231 9 4.6 19.6
0 478.421 5 4.6 19.6
0 478.441 50 4.6 19.6
0 478.547 9 4.6 19.6
0 478.649 10 4.6 19.6
0 478.742 11 4.6 19.6
0 478.842 10 4.6 19.6
0 478.945 10 4.6 19.6
0 479.043 10 4.6 19.6
0 479.151 9 4.6 19.6
0 479.245 11 4.6 19.6
0 479.35 10 4.6 19.6
0 479.446 10 4.6 19.6
0 479.548 10 4.6 19.6
0 479.749 5 4.6 19.6
0 479.778 35 4.6 19.6
0 480.0 4 4.6 19.6
0 480.203 5 4.6 19.6
0 480.23 37 4.6 19.6
0 480.347 9 4.6 19.6
0 480.429 12 4.6 19.6
0 480.53 10 4.6 19.6
0 480.763 4 4.6 19.6
0 480.783 50 4.6 19.6
0 480.902 8 4.6 19.6
0 481.0 10 4.6 19.6
0 481.094 11 4.6 19.6
0 481.193 10 4.6 19.6
0 481.296 10 4.6 19.6
0 481.395 10 4.6 19.6
0 481.508 9 4.6 19.6
0 481.595 11 4.6 19.6
0 481.8 5 4.6 19.6
0 481.827 38 4.6 19.6
0 481.929 10 4.6 19.6
0 482.244 3 4.6 19.6
0 482.488 4 4.6 19.6
0 482.515 38 4.6 19.6
0 482.614 10 4.6 19.6
0 482.716 10 4.6 19.6
0 482.879 6 4.6 19.6
0 482.923 23 4.6 19.6
0 483.012 11 4.6 19.6
0 483.111 10 4.6 19.6
0 483.214 10 4.6 19.6
0 483.32 9 4.6 19.6
0 483.421 10 4.6 19.6
0 483.516 11 4.6 19.6
0 483.613 10 4.6 19.6
0 483.715 10 4.6 19.6
0 483.818 10 4.6 19.6
0 483.914 10 4.6 19.6
0 484.016 10 4.6 19.6
0 484.339 3 4.1 19.6
0 484.587 4 4.1 19.6
0 484.614 37 4.1 19.6
0 484.714 10 4.1 19.6
0 484.878 6 4.1 19.6
0 484.91 32 4.1 19.6
0 485.019 9 4.1 19.6
0 485.194 6 4.1 19.6
0 485.204 102 4.1 19.6
0 485.325 8 4.1 19.6
0 485.418 11 4.1 19.6
0 485.591 6 4.1 19.6
0 485.613 46 4.1 19.6
0 485.725 9 4.1 19.6
0 485.831 9 4.1 19.6
0 485.92 11 4.1 19.6
0 486.021 10 4.1 19.6
0 486.355 3 4.1 19.6
0 486.602 4 4.1 19.6
0 486.629 36 4.1 19.6
0 486.732 10 4.1 19.6
0 486.893 6 4.1 19.6
0 486.924 33 4.1 19.6
0 487.027 10 4.1 19.6
0 487.128 10 4.1 19.6
0 487.314 5 4.1 19.6
0 487.336 47 4.1 19.6
0 487.445 9 4.1 19.6
0 487.543 10 4.1 19.6
0 487.696 7 4.1 19.6
0 487.735 25 4.1 19.6
0 487.841 9 4.1 19.6
0 487.945 10 4.1 19.6
0 488.042 10 4.1 19.6
0 488.362 3 4.1 19.6
0 488.614 4 4.1 19.6
0 488.63 62 4.1 19.6
0 488.747 9 4.1 19.6
0 488.897 7 4.1 19.6
0 488.937 25 4.1 19.6
0 489.041 10 4.1 19.6
0 489.142 10 4.1 19.6
0 489.304 6 4.1 19.6
0 489.336 31 4.1 19.6
0 489.44 10 4.1 19.6
0 489.544 10 4.1 19.6
0 489.701 6 4.1 19.6
0 489.75 20 4.1 19.6
0 489.845 11 4.1 19.6
0 489.942 10 4.1 19.6
0 490.046 10 4.1 19.6
0 490.37 3 4.1 19.6
0 490.506 7 4.1 19.6
0 490.529 44 4.1 19.6
0 490.643 9 4.1 19.6
0 490.734 11 4.1 19.6
0 490.899 6 4.1 19.6
0 490.996 10 4.1 19.6
0 491.036 24 4.1 19.6
0 491.133 10 4.1 19.6
0 491.242 9 4.1 19.6
0 491.402 6 4.1 19.6
0 491.433 32 4.1 19.6
0 491.54 9 4.1 19.6
0 491.644 10 4.1 19.6
0 491.792 7 4.1 19.6
0 491.84 21 4.1 19.6
0 491.941 10 4.1 19.6
0 492.041 10 4.1 19.6
0 492.133 11 4.1 19.6
0 492.425 3 4.1 19.6
0 492.557 8 4.1 19.6
0 492.654 10 4.1 19.6
0 492.675 49 4.1 19.6
0 492.789 9 4.1 19.6
0 492.887 10 4.1 19.6
0 493.111 4 4.1 19.6
0 493.137 38 4.1 19.6
0 493.243 9 4.1 19.6
0 493.4 6 4.1 19.6
0 493.445 22 4.1 19.6
0 493.538 11 4.1 19.6
0 493.669 8 4.1 19.6
0 493.792 8 4.1 19.6
0 493.839 21 4.1 19.6
0 493.939 10 4.1 19.6
0 494.047 9 4.1 19.6
0 494.142 10 4.1 19.6
0 494.517 3 4.0 19.6
0 494.659 7 4.0 19.6
0 494.745 12 4.0 19.6
0 494.789 23 4.0 19.6
0 494.893 10 4.0 19.6
0 494.986 11 4.0 19.6
0 495.206 5 4.0 19.6
0 495.241 28 4.0 19.6
0 495.339 10 4.0 19.6
0 495.491 7 4.0 19.6
0 495.535 22 4.0 19.6
0 495.641 9 4.0 19.6
0 495.805 6 4.0 19.6
0 495.839 29 4.0 19.6
0 495.937 10 4.0 19.6
0 496.037 10 4.0 19.6
0 496.136 10 4.0 19.6
0 496.234 10 4.0 19.6
0 496.613 3 4.0 19.6
0 496.755 7 4.0 19.6
0 496.842 12 4.0 19.6
0 496.88 26 4.0 19.6
0 496.98 10 4.0 19.6
0 497.209 4 4.0 19.6
0 497.233 41 4.0 19.6
0 497.338 9 4.0 19.6
0 497.493 6 4.0 19.6
0 497.539 22 4.0 19.6
0 497.624 12 4.0 19.6
0 497.737 9 4.0 19.6
0 497.959 5 4.0 19.6
0 497.971 80 4.0 19.6
0 498.091 8 4.0 19.6
0 498.211 8 4.0 19.6
0 498.294 12 4.0 19.6
0 498.551 4 4.0 19.6
0 498.572 49 4.0 19.6
0 498.817 4 4.0 19.6
0 498.907 11 4.0 19.6
0 498.942 29 4.0 19.6
0 499.045 10 4.0 19.6
0 499.262 5 4.0 19.6
0 499.298 28 4.0 19.6
0 499.396 10 4.0 19.6
0 499.552 6 4.0 19.6
0 499.593 25 4.0 19.6
0 499.692 10 4.0 19.6
0 499.803 9 4.0 19.6
0 500.013 5 4.0 19.6
0 500.04 37 4.0 19.6
0 500.144 10 4.0 19.6
0 500.323 6 4.0 19.6
0 500.337 75 4.0 19.6
0 500.614 4 4.0 19.6
0 500.648 29 4.0 19.6
0 500.873 4 4.0 19.6
0 500.972 10 4.0 19.6
0 501.003 32 4.0 19.6
0 501.124 8 4.0 19.6
0 501.343 5 4.0 19.6
0 501.404 17 4.0 19.6
0 501.49 12 4.0 19.6
0 501.649 6 4.0 19.6
0 501.701 19 4.0 19.6
0 501.797 10 4.0 19.6
0 502.082 4 4.0 19.6
0 502.116 29 4.0 19.6
0 502.227 9 4.0 19.6
0 502.322 10 4.0 19.6
0 502.419 10 4.0 19.6
0 502.694 4 4.0 19.6
0 502.724 33 4.0 19.6
0 502.844 8 4.0 19.6
0 503.003 6 4.0 19.6
0 503.037 29 4.0 19.6
0 503.146 9 4.0 19.6
0 503.486 3 4.0 19.6
0 503.543 17 4.0 19.6
0 503.702 6 4.0 19.6
0 503.753 20 4.0 19.6
0 503.871 8 4.0 19.6
0 504.135 4 4.0 19.6
0 504.183 21 4.0 19.6
0 504.296 9 4.0 19.6
0 504.385 11 4.0 19.6
0 504.482 10 4.0 19.6
0 504.755 4 4.4 19.6
0 504.801 22 4.4 19.6
0 504.903 10 4.4 19.6
0 505.055 7 4.4 19.6
0 505.088 30 4.4 19.6
0 505.207 8 4.4 19.6
0 505.628 2 4.4 19.6
0 505.743 9 4.4 19.6
0 505.807 16 4.4 19.6
0 505.893 12 4.4 19.6
0 506.178 4 4.4 19.6
0 506.217 25 4.4 19.6
0 506.332 9 4.4 19.6
0 506.421 11 4.4 19.6
0 506.517 10 4.4 19.6
0 506.81 3 4.4 19.6
0 506.855 22 4.4 19.6
0 506.955 10 4.4 19.6
0 507.108 7 4.4 19.6
0 507.137 35 4.4 19.6
0 507.256 8 4.4 19.6
0 507.362 9 4.4 19.6
0 507.659 3 4.4 19.6
0 507.765 9 4.4 19.6
0 507.815 20 4.4 19.6
0 507.923 9 4.4 19.6
0 508.225 3 4.4 19.6
0 508.286 16 4.4 19.6
0 508.38 11 4.4 19.6
0 508.529 7 4.4 19.6
0 508.573 23 4.4 19.6
0 508.882 3 4.4 19.6
0 508.926 23 4.4 19.6
0 509.042 9 4.4 19.6
0 509.181 7 4.4 19.6
0 509.211 34 4.4 19.6
0 509.332 8 4.4 19.6
0 509.429 10 4.4 19.6
0 509.707 4 4.4 19.6
0 509.812 10 4.4 19.6
0 509.854 24 4.4 19.6
0 509.958 10 4.4 19.6
0 510.294 3 4.4 19.6
0 510.335 25 4.4 19.6
0 510.474 7 4.4 19.6
0 510.541 15 4.4 19.6
0 510.636 10 4.4 19.6
0 510.807 6 4.4 19.6
0 510.842 28 4.4 19.6
0 510.949 9 4.4 19.6
0 511.063 9 4.4 19.6
0 511.157 11 4.4 19.6
0 511.244 11 4.4 19.6
0 511.356 9 4.4 19.6
0 511.45 11 4.4 19.6
0 511.773 3 4.4 19.6
0 511.887 9 4.4 19.6
0 511.928 24 4.4 19.6
0 512.038 9 4.4 19.6
0 512.307 4 4.4 19.6
0 512.345 26 4.4 19.6
0 512.473 8 4.4 19.6
0 512.543 14 4.4 19.6
0 512.643 10 4.4 19.6
0 512.829 5 4.4 19.6
0 512.862 31 4.4 19.6
0 512.983 8 4.4 19.6
0 513.073 11 4.4 19.6
0 513.231 6 4.4 19.6
0 513.282 20 4.4 19.6
0 513.374 11 4.4 19.6
0 513.534 6 4.4 19.6
0 513.549 68 4.4 19.6
0 513.886 3 4.4 19.6
0 513.967 12 4.4 19.6
0 514.025 17 4.4 19.6
0 514.117 11 4.4 19.6
0 514.429 3 4.4 19.6
0 514.456 37 4.4 19.6
0 514.559 10 4.4 19.6
0 514.658 10 4.4 19.6
0 514.814 6 4.6 19.7
0 514.852 26 4.6 19.7
0 514.957 10 4.6 19.7
0 515.05 11 4.6 19.7
0 515.164 9 4.6 19.7
0 515.315 7 4.6 19.7
0 515.354 26 4.6 19.7
0 515.457 10 4.6 19.7
0 515.61 7 4.6 19.7
0 515.652 24 4.6 19.7
0 515.862 5 4.6 19.7
0 515.883 48 4.6 19.7
0 516.059 6 4.6 19.7
0 516.085 39 4.6 19.7
0 516.191 9 4.6 19.7
0 516.572 3 4.6 19.7
0 516.581 110 4.6 19.7
0 516.698 9 4.6 19.7
0 516.857 6 4.6 19.7
0 516.892 28 4.6 19.7
0 517.0 9 4.6 19.7
0 517.103 10 4.6 19.7
0 517.194 11 4.6 19.7
0 517.357 6 4.6 19.7
0 517.396 26 4.6 19.7
0 517.499 10 4.6 19.7
0 517.668 6 4.6 19.7
0 517.693 41 4.6 19.7
0 517.921 4 4.6 19.7
0 517.931 103 4.6 19.7
0 518.153 4 4.6 19.7
0 518.186 31 4.6 19.7
0 518.278 11 4.6 19.7
0 518.379 10 4.6 19.7
0 518.608 4 4.6 19.7
0 518.621 80 4.6 19.7
0 518.745 8 4.6 19.7
0 518.888 7 4.6 19.7
0 518.927 26 4.6 19.7
0 519.032 10 4.6 19.7
0 519.13 10 4.6 19.7
0 519.233 10 4.6 19.7
0 519.448 5 4.6 19.7
0 519.466 56 4.6 19.7
0 519.573 9 4.6 19.7
0 519.729 6 4.6 19.7
0 519.769 25 4.6 19.7
0 519.872 10 4.6 19.7
0 519.982 9 4.6 19.7
0 520.176 5 4.6 19.7
0 520.196 51 4.6 19.7
0 520.305 9 4.6 19.7
0 520.4 10 4.6 19.7
0 520.625 4 4.6 19.7
0 520.641 60 4.6 19.7
0 520.75 9 4.6 19.7
0 520.908 6 4.6 19.7
0 520.946 27 4.6 19.7
0 521.187 4 4.6 19.7
0 521.194 145 4.6 19.7
0 521.306 9 4.6 19.7
0 521.519 5 4.6 19.7
0 521.539 49 4.6 19.7
0 521.648 9 4.6 19.7
0 521.803 6 4.6 19.7
0 521.84 27 4.6 19.7
0 521.943 10 4.6 19.7
0 522.042 10 4.6 19.7
0 522.251 5 4.6 19.7
0 522.278 36 4.6 19.7
0 522.387 9 4.6 19.7
0 522.475 11 4.6 19.7
0 522.68 5 4.6 19.7
0 522.698 55 4.6 19.7
0 522.806 9 4.6 19.7
0 522.962 6 4.6 19.7
0 523.003 24 4.6 19.7
0 523.103 10 4.6 19.7
0 523.202 10 4.6 19.7
0 523.367 6 4.6 19.7
0 523.484 9 4.6 19.7
0 523.497 75 4.6 19.7
0 523.634 7 4.6 19.7
0 523.705 14 4.6 19.7
0 523.859 7 4.6 19.7
0 523.933 14 4.6 19.7
0 524.012 13 4.6 19.7
0 524.104 11 4.6 19.7
0 524.304 5 4.6 19.7
0 524.319 68 4.6 19.7
0 524.427 9 4.6 19.7
0 524.531 10 4.6 19.7
0 524.624 11 4.6 19.7
0 524.727 10 4.6 19.7
0 524.821 11 3.9 19.7
0 524.985 6 3.9 19.7
0 525.034 21 3.9 19.7
0 525.127 11 3.9 19.7
0 525.226 10 3.9 19.7
0 525.327 10 3.9 19.7
0 525.48 7 3.9 19.7
0 525.525 23 3.9 19.7
0 525.635 9 3.9 19.7
0 525.724 11 3.9 19.7
0 525.885 6 3.9 19.7
0 525.925 25 3.9 19.7
0 526.03 10 3.9 19.7
0 526.122 11 3.9 19.7
0 526.34 5 3.9 19.7
0 526.355 70 3.9 19.7
0 526.46 9 3.9 19.7
0 526.621 6 3.9 19.7
0 526.673 19 3.9 19.7
0 526.768 11 3.9 19.7
0 526.862 11 3.9 19.7
0 527.03 6 3.9 19.7
0 527.061 32 3.9 19.7
0 527.162 10 3.9 19.7
0 527.27 9 3.9 19.7
0 527.367 10 3.9 19.7
0 527.517 7 3.9 19.7
0 527.563 22 3.9 19.7
0 527.659 10 3.9 19.7
0 527.766 9 3.9 19.7
0 527.928 6 3.9 19.7
0 527.982 18 3.9 19.7
0 528.067 12 3.9 19.7
0 528.163 10 3.9 19.7
0 528.367 5 3.9 19.7
0 528.385 57 3.9 19.7
0 528.495 9 3.9 19.7
0 528.587 11 3.9 19.7
0 528.767 6 3.9 19.7
0 528.785 58 3.9 19.7
0 528.888 10 3.9 19.7
0 529.051 6 3.9 19.7
0 529.087 28 3.9 19.7
0 529.186 10 3.9 19.7
0 529.291 10 3.9 19.7
0 529.388 10 3.9 19.7
0 529.552 6 3.9 19.7
0 529.588 27 3.9 19.7
0 529.689 10 3.9 19.7
0 529.789 10 3.9 19.7
0 529.948 6 3.9 19.7
0 529.991 23 3.9 19.7
0 530.102 9 3.9 19.7
0 530.188 12 3.9 19.7
0 530.396 5 3.9 19.7
0 530.413 57 3.9 19.7
0 530.52 9 3.9 19.7
0 530.624 10 3.9 19.7
0 530.771 7 3.9 19.7
0 530.817 22 3.9 19.7
0 530.918 10 3.9 19.7
0 531.079 6 3.9 19.7
0 531.127 21 3.9 19.7
0 531.218 11 3.9 19.7
0 531.319 10 3.9 19.7
0 531.414 10 3.9 19.7
0 531.58 6 3.9 19.7
0 531.617 27 3.9 19.7
0 531.729 9 3.9 19.7
0 531.818 11 3.9 19.7
0 531.977 6 3.9 19.7
0 532.029 19 3.9 19.7
0 532.124 11 3.9 19.7
0 532.234 9 3.9 19.7
0 532.425 5 3.9 19.7
0 532.441 65 3.9 19.7
0 532.546 10 3.9 19.7
0 532.647 10 3.9 19.7
0 532.811 6 3.9 19.7
0 532.85 26 3.9 19.7
0 532.944 11 3.9 19.7
0 533.125 6 3.9 19.7
0 533.137 83 3.9 19.7
0 533.251 9 3.9 19.7
0 533.354 10 3.9 19.7
0 533.444 11 3.9 19.7
0 533.601 6 3.9 19.7
0 533.643 24 3.9 19.7
0 533.774 8 3.9 19.7
0 533.845 14 3.9 19.7
0 534.091 4 3.9 19.7
0 534.102 90 3.9 19.7
0 534.29 5 3.9 19.7
0 534.312 45 3.9 19.7
0 534.411 10 3.9 19.7
0 534.512 10 3.9 19.7
0 534.617 9 3.9 19.7
0 534.712 11 3.9 19.7
0 534.87 6 3.5 19.6
0 534.911 24 3.5 19.6
0 535.014 10 3.5 19.6
0 535.179 6 3.5 19.6
0 535.214 29 3.5 19.6
0 535.315 10 3.5 19.6
0 535.411 10 3.5 19.6
0 535.512 10 3.5 19.6
0 535.67 6 3.5 19.6
0 535.723 19 3.5 19.6
0 535.829 9 3.5 19.6
0 535.915 12 3.5 19.6
0 536.246 3 3.5 19.6
0 536.262 63 3.5 19.6
0 536.43 6 3.5 19.6
0 536.465 29 3.5 19.6
0 536.566 10 3.5 19.6
0 536.668 10 3.5 19.6
0 536.773 10 3.5 19.6
0 536.928 6 3.5 19.6
0 536.965 27 3.5 19.6
0 537.071 9 3.5 19.6
0 537.281 5 3.5 19.6
0 537.296 68 3.5 19.6
0 537.41 9 3.5 19.6
0 537.504 11 3.5 19.6
0 537.602 10 3.5 19.6
0 537.761 6 3.5 19.6
0 537.805 23 3.5 19.6
0 537.905 10 3.5 19.6
0 538.004 10 3.5 19.6
0 538.204 5 3.5 19.6
0 538.222 57 3.5 19.6
0 538.336 9 3.5 19.6
0 538.474 7 3.5 19.6
0 538.532 17 3.5 19.6
0 538.627 11 3.5 19.6
0 538.726 10 3.5 19.6
0 538.875 7 3.5 19.6
0 538.985 9 3.5 19.6
0 539.025 25 3.5 19.6
0 539.149 8 3.5 19.6
0 539.339 5 3.5 19.6
0 539.355 64 3.5 19.6
0 539.461 9 3.5 19.6
0 539.566 9 3.5 19.6
0 539.663 10 3.5 19.6
0 539.817 7 3.5 19.6
0 539.863 22 3.5 19.6
0 539.967 10 3.5 19.6
0 540.07 10 3.5 19.6
0 540.227 6 3.5 19.6
0 540.265 26 3.5 19.6
0 540.544 4 3.5 19.6
0 540.563 52 3.5 19.6
0 540.668 9 3.5 19.6
0 540.769 10 3.5 19.6
0 540.865 10 3.5 19.6
0 541.026 6 3.5 19.6
0 541.069 23 3.5 19.6
0 541.175 9 3.5 19.6
0 541.382 5 3.5 19.6
0 541.403 49 3.5 19.6
0 541.51 9 3.5 19.6
0 541.611 10 3.5 19.6
0 541.715 10 3.5 19.6
0 541.877 6 3.5 19.6
0 541.911 30 3.5 19.6
0 542.009 10 3.5 19.6
0 542.11 10 3.5 19.6
0 542.333 4 3.5 19.6
0 542.356 44 3.5 19.6
0 542.466 9 3.5 19.6
0 542.67 5 3.5 19.6
0 542.7 33 3.5 19.6
0 542.797 10 3.5 19.6
0 542.903 10 3.5 19.6
0 543.06 6 3.5 19.6
0 543.096 28 3.5 19.6
0 543.195 10 3.5 19.6
0 543.406 5 3.5 19.6
0 543.423 58 3.5 19.6
0 543.537 9 3.5 19.6
0 543.627 11 3.5 19.6
0 543.731 10 3.5 19.6
0 543.933 5 3.5 19.6
0 543.949 60 3.5 19.6
0 544.062 9 3.5 19.6
0 544.183 8 3.5 19.6
0 544.387 5 3.5 19.6
0 544.395 132 3.5 19.6
0 544.522 8 3.5 19.6
0 544.732 5 3.5 19.6
0 544.749 57 3.5 19.6
0 544.855 9 3.5 19.6
0 544.952 10 3.9 19.6
0 545.12 6 3.9 19.6
0 545.16 25 3.9 19.6
0 545.256 10 3.9 19.6
0 545.465 5 3.9 19.6
0 545.479 70 3.9 19.6
0 545.59 9 3.9 19.6
0 545.697 9 3.9 19.6
0 545.788 11 3.9 19.6
0 545.951 6 3.9 19.6
0 545.99 26 3.9 19.6
0 546.086 10 3.9 19.6
0 546.199 9 3.9 19.6
0 546.35 7 3.9 19.6
0 546.446 10 3.9 19.6
0 546.488 24 3.9 19.6
0 546.586 10 3.9 19.6
0 546.774 5 3.9 19.6
0 546.794 51 3.9 19.6
0 546.901 9 3.9 19.6
0 546.997 10 3.9 19.6
0 547.154 6 3.9 19.6
0 547.201 21 3.9 19.6
0 547.303 10 3.9 19.6
0 547.5 5 3.9 19.6
0 547.519 51 3.9 19.6
0 547.626 9 3.9 19.6
0 547.726 10 3.9 19.6
0 547.832 9 3.9 19.6
0 548.034 5 3.9 19.6
0 548.052 57 3.9 19.6
0 548.163 9 3.9 19.6
0 548.26 10 3.9 19.6
0 548.477 5 3.9 19.6
0 548.495 55 3.9 19.6
0 548.606 9 3.9 19.6
0 548.825 5 3.9 19.6
0 548.852 37 3.9 19.6
0 549.003 7 3.9 19.6
0 549.056 19 3.9 19.6
0 549.251 5 3.9 19.6
0 549.27 53 3.9 19.6
0 549.384 9 3.9 19.6
0 549.585 5 3.9 19.6
0 549.601 63 3.9 19.6
0 549.709 9 3.9 19.6
0 549.807 10 3.9 19.6
0 549.912 10 3.9 19.6
0 550.114 5 3.9 19.6
0 550.133 52 3.9 19.6
0 550.239 9 3.9 19.6
0 550.335 10 3.9 19.6
0 550.562 4 3.9 19.6
0 550.664 10 3.9 19.6
0 550.677 77 3.9 19.6
0 550.961 4 3.9 19.6
0 550.984 43 3.9 19.6
0 551.092 9 3.9 19.6
0 551.259 6 3.9 19.6
0 551.285 39 3.9 19.6
0 551.392 9 3.9 19.6
0 551.49 10 3.9 19.6
0 551.593 10 3.9 19.6
0 551.689 10 3.9 19.6
0 551.798 9 3.9 19.6
0 551.892 11 3.9 19.6
0 551.995 10 3.9 19.6
0 552.202 5 3.9 19.6
0 552.223 46 3.9 19.6
0 552.338 9 3.9 19.6
0 552.43 11 3.9 19.6
0 552.65 5 3.9 19.6
0 552.674 42 3.9 19.6
0 552.779 9 3.9 19.6
0 552.951 6 3.9 19.6
0 552.972 48 3.9 19.6
0 553.081 9 3.9 19.6
0 553.176 10 3.9 19.6
0 553.387 5 3.9 19.6
0 553.413 38 3.9 19.6
0 553.52 9 3.9 19.6
0 553.615 11 3.9 19.6
0 553.713 10 3.9 19.6
0 553.817 10 3.9 19.6
0 553.916 10 3.9 19.6
0 554.038 8 3.9 19.6
0 554.227 5 3.9 19.6
0 554.245 54 3.9 19.6
0 554.355 9 3.9 19.6
0 554.453 10 3.9 19.6
0 554.671 5 3.9 19.6
0 554.694 44 3.9 19.6
0 554.8 9 3.9 19.6
0 555.068 4 4.2 19.6
0 555.09 45 4.2 19.6
0 555.198 9 4.2 19.6
0 555.405 5 4.2 19.6
0 555.434 35 4.2 19.6
0 555.533 10 4.2 19.6
0 555.633 10 4.2 19.6
0 555.738 10 4.2 19.6
0 555.832 11 4.2 19.6
0 555.935 10 4.2 19.6
0 556.032 10 4.2 19.6
0 556.242 5 4.2 19.6
0 556.263 48 4.2 19.6
0 556.374 9 4.2 19.6
0 556.475 10 4.2 19.6
0 556.695 5 4.2 19.6
0 556.722 37 4.2 19.6
0 556.823 10 4.2 19.6
0 557.139 3 4.2 19.6
0 557.169 34 4.2 19.6
0 557.266 10 4.2 19.6
0 557.474 5 4.2 19.6
0 557.496 45 4.2 19.6
0 557.605 9 4.2 19.6
0 557.711 9 4.2 19.6
0 557.801 11 4.2 19.6
0 557.896 11 4.2 19.6
0 558.002 9 4.2 19.6
0 558.11 9 4.2 19.6
0 558.313 5 4.2 19.6
0 558.336 43 4.2 19.6
0 558.446 9 4.2 19.6
0 558.536 11 4.2 19.6
0 558.762 4 4.2 19.6
0 558.787 40 4.2 19.6
0 558.903 9 4.2 19.6
0 559.271 3 4.2 19.6
0 559.292 47 4.2 19.6
0 559.511 5 4.2 19.6
0 559.535 42 4.2 19.6
0 559.639 10 4.2 19.6
0 559.734 11 4.2 19.6
0 559.842 9 4.2 19.6
0 559.941 10 4.2 19.6
0 560.042 10 4.2 19.6
0 560.135 11 4.2 19.6
0 560.331 5 4.2 19.6
0 560.355 42 4.2 19.6
0 560.463 9 4.2 19.6
0 560.559 10 4.2 19.6
0 560.774 5 4.2 19.6
0 560.799 41 4.2 19.6
0 560.903 10 4.2 19.6
0 561.064 6 4.2 19.6
0 561.208 7 4.2 19.6
0 561.237 34 4.2 19.6
0 561.338 10 4.2 19.6
0 561.545 5 4.2 19.6
0 561.576 32 4.2 19.6
0 561.675 10 4.2 19.6
0 561.771 10 4.2 19.6
0 561.872 10 4.2 19.6
0 561.975 10 4.2 19.6
0 562.085 9 4.2 19.6
0 562.174 11 4.2 19.6
0 562.374 5 4.2 19.6
0 562.391 61 4.2 19.6
0 562.498 9 4.2 19.6
0 562.608 9 4.2 19.6
0 562.822 5 4.2 19.6
0 562.842 50 4.2 19.6
0 562.946 10 4.2 19.6
0 563.265 3 4.2 19.6
0 563.285 49 4.2 19.6
0 563.388 10 4.2 19.6
0 563.611 4 4.2 19.6
0 563.7 11 4.2 19.6
0 563.731 33 4.2 19.6
0 563.844 9 4.2 19.6
0 563.934 11 4.2 19.6
0 564.034 10 4.2 19.6
0 564.135 10 4.2 19.6
0 564.235 10 4.2 19.6
0 564.348 9 4.2 19.6
0 564.437 11 4.2 19.6
0 564.537 10 4.2 19.6
0 564.638 10 4.2 19.6
0 564.858 5 4.2 19.6
0 564.878 52 4.2 19.6
0 564.985 9 4.2 19.6
0 565.298 3 4.1 19.7
0 565.315 57 4.1 19.7
0 565.429 9 4.1 19.7
0 565.618 5 4.1 19.7
0 565.628 104 4.1 19.7
0 565.738 9 4.1 19.7
0 565.965 4 4.1 19.7
0 565.974 105 4.1 19.7
0 566.087 9 4.1 19.7
0 566.183 10 4.1 19.7
0 566.278 11 4.1 19.7
0 566.385 9 4.1 19.7
0 566.497 9 4.1 19.7
0 566.584 12 4.1 19.7
0 566.683 10 4.1 19.7
0 566.889 5 4.1 19.7
0 566.902 78 4.1 19.7
0 567.021 8 4.1 19.7
0 567.104 12 4.1 19.7
0 567.376 4 4.1 19.7
0 567.386 104 4.1 19.7
0 567.492 9 4.1 19.7
0 567.603 9 4.1 19.7
0 567.691 11 4.1 19.7
0 567.79 10 4.1 19.7
0 567.892 10 4.1 19.7
0 567.99 10 4.1 19.7
0 568.105 9 4.1 19.7
0 568.192 11 4.1 19.7
0 568.29 10 4.1 19.7
0 568.392 10 4.1 19.7
0 568.493 10 4.1 19.7
0 568.589 10 4.1 19.7
0 568.701 9 4.1 19.7
0 568.908 5 4.1 19.7
0 568.921 81 4.1 19.7
0 569.026 10 4.1 19.7
0 569.125 10 4.1 19.7
0 569.235 9 4.1 19.7
0 569.323 11 4.1 19.7
0 569.451 8 4.1 19.7
0 569.526 13 4.1 19.7
0 569.624 10 4.1 19.7
0 569.74 9 4.1 19.7
0 569.826 12 4.1 19.7
0 570.021 5 4.1 19.7
0 570.03 106 4.1 19.7
0 570.137 9 4.1 19.7
0 570.247 9 4.1 19.7
0 570.335 11 4.1 19.7
0 570.438 10 4.1 19.7
0 570.538 10 4.1 19.7
0 570.707 6 4.1 19.7
0 570.734 37 4.1 19.7
0 571.129 3 4.1 19.7
0 571.14 96 4.1 19.7
0 571.244 10 4.1 19.7
0 571.347 10 4.1 19.7
0 571.45 10 4.1 19.7
0 571.547 10 4.1 19.7
0 571.655 9 4.1 19.7
0 571.743 11 4.1 19.7
0 571.848 10 4.1 19.7
0 572.012 6 4.1 19.7
0 572.061 21 4.1 19.7
0 572.156 11 4.1 19.7
0 572.25 11 4.1 19.7
0 572.351 10 4.1 19.7
0 572.452 10 4.1 19.7
0 572.549 10 4.1 19.7
0 572.663 9 4.1 19.7
0 572.805 7 4.1 19.7
0 573.011 5 4.1 19.7
0 573.027 61 4.1 19.7
0 573.133 9 4.1 19.7
0 573.24 9 4.1 19.7
0 573.33 11 4.1 19.7
0 573.432 10 4.1 19.7
0 573.532 10 4.1 19.7
0 573.664 8 4.1 19.7
0 573.735 14 4.1 19.7
0 573.831 10 4.1 19.7
0 573.996 6 4.1 19.7
0 574.048 19 4.1 19.7
0 574.131 12 4.1 19.7
0 574.236 10 4.1 19.7
0 574.36 8 4.1 19.7
0 574.458 10 4.1 19.7
0 574.537 13 4.1 19.7
0 574.632 11 4.1 19.7
0 574.741 9 4.1 19.7
0 574.888 7 4.1 19.7
0 575.097 5 4.1 19.7
0 575.112 68 4.1 19.7
0 575.219 9 4.1 19.7
0 575.324 10 3.5 19.7
0 575.421 10 3.5 19.7
0 575.517 10 3.5 19.7
0 575.62 10 3.5 19.7
0 575.718 10 3.5 19.7
0 575.826 9 3.5 19.7
0 575.919 11 3.5 19.7
0 576.216 3 3.5 19.7
0 576.222 157 3.5 19.7
0 576.351 8 3.5 19.7
0 576.439 11 3.5 19.7
0 576.537 10 3.5 19.7
0 576.636 10 3.5 19.7
0 576.737 10 3.5 19.7
0 576.893 6 3.5 19.7
0 577.11 5 3.5 19.7
0 577.124 72 3.5 19.7
0 577.245 8 3.5 19.7
0 577.334 11 3.5 19.7
0 577.43 10 3.5 19.7
0 577.599 6 3.5 19.7
0 577.64 24 3.5 19.7
0 577.732 11 3.5 19.7
0 577.835 10 3.5 19.7
0 577.932 10 3.5 19.7
0 578.162 4 3.5 19.7
0 578.179 57 3.5 19.7
0 578.285 9 3.5 19.7
0 578.384 10 3.5 19.7
0 578.482 10 3.5 19.7
0 578.578 10 3.5 19.7
0 578.692 9 3.5 19.7
0 578.78 11 3.5 19.7
0 578.938 6 3.5 19.7
0 579.153 5 3.5 19.7
0 579.17 59 3.5 19.7
0 579.285 9 3.5 19.7
0 579.403 9 3.5 19.7
0 579.5 10 3.5 19.7
0 579.575 13 3.5 19.7
0 579.732 6 3.5 19.7
0 579.786 19 3.5 19.7
0 579.876 11 3.5 19.7
0 579.98 10 3.5 19.7
0 580.192 5 3.5 19.7
0 580.207 66 3.5 19.7
0 580.328 8 3.5 19.7
0 580.415 12 3.5 19.7
0 580.517 10 3.5 19.7
0 580.616 10 3.5 19.7
0 580.712 10 3.5 19.7
0 580.815 10 3.5 19.7
0 580.98 6 3.5 19.7
0 581.285 3 3.5 19.7
0 581.293 122 3.5 19.7
0 581.407 9 3.5 19.7
0 581.518 9 3.5 19.7
0 581.607 11 3.5 19.7
0 581.768 6 3.5 19.7
0 581.808 25 3.5 19.7
0 581.909 10 3.5 19.7
0 582.009 10 3.5 19.7
0 582.225 5 3.5 19.7
0 582.248 44 3.5 19.7
0 582.357 9 3.5 19.7
0 582.448 11 3.5 19.7
0 582.549 10 3.5 19.7
0 582.645 10 3.5 19.7
0 582.759 9 3.5 19.7
0 582.843 12 3.5 19.7
0 583.005 6 3.5 19.7
0 583.217 5 3.5 19.7
0 583.316 10 3.5 19.7
0 583.331 68 3.5 19.7
0 583.442 9 3.5 19.7
0 583.545 10 3.5 19.7
0 583.644 10 3.5 19.7
0 583.822 6 3.5 19.7
0 583.844 46 3.5 19.7
0 583.945 10 3.5 19.7
0 584.047 10 3.5 19.7
0 584.274 4 3.5 19.7
0 584.297 44 3.5 19.7
0 584.412 9 3.5 19.7
0 584.499 11 3.5 19.7
0 584.608 9 3.5 19.7
0 584.699 11 3.5 19.7
0 584.807 9 3.5 19.7
0 584.903 10 3.5 19.7
0 585.063 6 3.5 19.7
0 585.374 3 3.8 19.7
0 585.391 60 3.8 19.7
0 585.499 9 3.8 19.7
0 585.599 10 3.8 19.7
0 585.695 10 3.8 19.7
0 585.851 6 3.8 19.7
0 585.896 22 3.8 19.7
0 585.99 11 3.8 19.7
0 586.101 9 3.8 19.7
0 586.414 3 3.8 19.7
0 586.422 126 3.8 19.7
0 586.537 9 3.8 19.7
0 586.649 9 3.8 19.7
0 586.739 11 3.8 19.7
0 586.84 10 3.8 19.7
0 586.938 10 3.8 19.7
0 587.093 6 3.8 19.7
0 587.134 24 3.8 19.7
0 587.409 4 3.8 19.7
0 587.427 58 3.8 19.7
0 587.537 9 3.8 19.7
0 587.629 11 3.8 19.7
0 587.73 10 3.8 19.7
0 587.889 6 3.8 19.7
0 587.938 21 3.8 19.7
0 588.118 6 3.8 19.7
0 588.126 122 3.8 19.7
0 588.356 4 3.8 19.7
0 588.373 59 3.8 19.7
0 588.489 9 3.8 19.7
0 588.577 11 3.8 19.7
0 588.689 9 3.8 19.7
0 588.78 11 3.8 19.7
0 588.879 10 3.8 19.7
0 588.977 10 3.8 19.7
0 589.146 6 3.8 19.7
0 589.18 29 3.8 19.7
0 589.617 2 3.8 19.7
0 589.641 42 3.8 19.7
0 589.75 9 3.8 19.7
0 589.899 7 3.8 19.7
0 589.945 22 3.8 19.7
0 590.048 10 3.8 19.7
0 590.201 7 3.8 19.7
0 590.297 10 3.8 19.7
0 590.394 10 3.8 19.7
0 590.444 20 3.8 19.7
0 590.541 10 3.8 19.7
0 590.65 9 3.8 19.7
0 590.753 10 3.8 19.7
0 590.847 11 3.8 19.7
0 590.946 10 3.8 19.7
0 591.049 10 3.8 19.7
0 591.259 5 3.8 19.7
0 591.29 32 3.8 19.7
0 591.569 4 3.8 19.7
0 591.704 7 3.8 19.7
0 591.726 44 3.8 19.7
0 591.841 9 3.8 19.7
0 591.991 7 3.8 19.7
0 592.034 23 3.8 19.7
0 592.134 10 3.8 19.7
0 592.29 6 3.8 19.7
0 592.496 5 3.8 19.7
0 592.514 56 3.8 19.7
0 592.626 9 3.8 19.7
0 592.725 10 3.8 19.7
0 592.828 10 3.8 19.7
0 592.922 11 3.8 19.7
0 593.031 9 3.8 19.7
0 593.121 11 3.8 19.7
0 593.339 5 3.8 19.7
0 593.366 37 3.8 19.7
0 593.47 10 3.8 19.7
0 593.635 6 3.8 19.7
0 593.771 7 3.8 19.7
0 593.79 53 3.8 19.7
0 593.921 8 3.8 19.7
0 594.055 7 3.8 19.7
0 594.099 22 3.8 19.7
0 594.203 10 3.8 19.7
0 594.355 7 3.8 19.7
0 594.561 5 3.8 19.7
0 594.586 41 3.8 19.7
0 594.7 9 3.8 19.7
0 594.791 11 3.8 19.7
0 594.888 10 3.8 19.7
0 594.991 10 3.8 19.7
0 595.091 10 3.8 19.7
0 595.187 10 3.8 19.7
0 595.456 4 4.5 19.8
0 595.48 41 4.5 19.8
0 595.649 6 4.5 19.8
0 595.791 7 4.5 19.8
0 595.816 40 4.5 19.8
0 595.921 10 4.5 19.8
0 596.08 6 4.5 19.8
0 596.116 27 4.5 19.8
0 596.215 10 4.5 19.8
0 596.378 6 4.5 19.8
0 596.698 3 4.5 19.8
0 596.716 54 4.5 19.8
0 596.824 9 4.5 19.8
0 596.919 10 4.5 19.8
0 597.027 9 4.5 19.8
0 597.125 10 4.5 19.8
0 597.235 9 4.5 19.8
0 597.328 11 4.5 19.8
0 597.596 4 4.5 19.8
0 597.685 11 4.5 19.8
0 597.839 6 4.5 19.8
0 597.866 37 4.5 19.8
0 597.975 9 4.5 19.8
0 598.121 7 4.5 19.8
0 598.163 23 4.5 19.8
0 598.27 9 4.5 19.8
0 598.424 6 4.5 19.8
0 598.689 4 4.5 19.8
0 598.711 46 4.5 19.8
0 598.819 9 4.5 19.8
0 598.951 8 4.5 19.8
0 599.021 14 4.5 19.8
0 599.115 11 4.5 19.8
0 599.217 10 4.5 19.8
0 599.32 10 4.5 19.8
0 599.415 10 4.5 19.8
0 599.734 3 4.5 19.8
0 599.864 8 4.5 19.8
0 599.884 51 4.5 19.8
0 599.989 9 4.5 19.8
0 600.159 6 4.5 19.8
0 600.188 34 4.5 19.8
0 600.292 10 4.5 19.8
0 600.443 7 4.5 19.8
0 600.774 3 4.5 19.8
0 600.798 41 4.5 19.8
0 600.903 9 4.5 19.8
0 601.003 10 4.5 19.8
0 601.104 10 4.5 19.8
0 601.2 10 4.5 19.8
0 601.31 9 4.5 19.8
0 601.399 11 4.5 19.8
0 601.501 10 4.5 19.8
0 601.76 4 4.5 19.8
0 601.927 6 4.5 19.8
0 601.952 41 4.5 19.8
0 602.055 10 4.5 19.8
0 602.209 6 4.5 19.8
0 602.252 23 4.5 19.8
0 602.354 10 4.5 19.8
0 602.519 6 4.5 19.8
0 602.657 7 4.5 19.8
0 602.792 7 4.5 19.8
0 602.812 49 4.5 19.8
0 602.929 9 4.5 19.8
0 603.022 11 4.5 19.8
0 603.119 10 4.5 19.8
0 603.219 10 4.5 19.8
0 603.321 10 4.5 19.8
0 603.415 11 4.5 19.8
0 603.531 9 4.5 19.8
0 603.783 4 4.5 19.8
0 603.801 56 4.5 19.8
0 603.966 6 4.5 19.8
0 604.004 27 4.5 19.8
0 604.112 9 4.5 19.8
0 604.265 7 4.5 19.8
0 604.307 24 4.5 19.8
0 604.403 10 4.5 19.8
0 604.571 6 4.5 19.8
0 604.869 3 4.5 19.8
0 604.877 112 4.5 19.8
0 604.993 9 4.5 19.8
0 605.089 10 4.5 19.8
0 605.193 10 4.5 19.8
0 605.294 10 4.5 19.8
0 605.402 9 4.5 19.8
0 605.497 11 3.9 19.8
0 605.593 10 3.9 19.8
0 605.748 6 3.9 19.8
0 605.799 20 3.9 19.8
0 605.894 10 3.9 19.8
0 606.064 6 3.9 19.8
0 606.093 35 3.9 19.8
0 606.258 6 3.9 19.8
0 606.345 12 3.9 19.8
0 606.399 18 3.9 19.8
0 606.496 10 3.9 19.8
0 606.714 5 3.9 19.8
0 607.036 3 3.9 19.8
0 607.056 48 3.9 19.8
0 607.163 9 3.9 19.8
0 607.271 9 3.9 19.8
0 607.36 11 3.9 19.8
0 607.458 10 3.9 19.8
0 607.567 9 3.9 19.8
0 607.858 3 3.9 19.8
0 607.881 44 3.9 19.8
0 607.984 10 3.9 19.8
0 608.135 7 3.9 19.8
0 608.181 22 3.9 19.8
0 608.284 10 3.9 19.8
0 608.449 6 3.9 19.8
0 608.48 32 3.9 19.8
0 608.588 9 3.9 19.8
0 608.788 5 3.9 19.8
0 608.924 7 3.9 19.8
0 608.949 40 3.9 19.8
0 609.079 8 3.9 19.8
0 609.149 14 3.9 19.8
0 609.248 10 3.9 19.8
0 609.35 10 3.9 19.8
0 609.456 9 3.9 19.8
0 609.547 11 3.9 19.8
0 609.652 10 3.9 19.8
0 609.872 5 3.9 19.8
0 609.886 74 3.9 19.8
0 610.01 8 3.9 19.8
0 610.156 7 3.9 19.8
0 610.196 26 3.9 19.8
0 610.298 10 3.9 19.8
0 610.454 6 3.9 19.8
0 610.496 24 3.9 19.8
0 610.602 9 3.9 19.8
0 610.802 5 3.9 19.8
0 610.937 7 3.9 19.8
0 610.954 57 3.9 19.8
0 611.061 9 3.9 19.8
0 611.171 9 3.9 19.8
0 611.26 11 3.9 19.8
0 611.361 10 3.9 19.8
0 611.457 10 3.9 19.8
0 611.56 10 3.9 19.8
0 611.658 10 3.9 19.8
0 611.876 5 3.9 19.8
0 611.897 46 3.9 19.8
0 612.089 5 3.9 19.8
0 612.158 15 3.9 19.8
0 612.212 18 3.9 19.8
0 612.37 6 3.9 19.8
0 612.53 6 3.9 19.8
0 612.546 64 3.9 19.8
0 612.656 9 3.9 19.8
0 612.855 5 3.9 19.8
0 612.874 55 3.9 19.8
0 612.982 9 3.9 19.8
0 613.085 10 3.9 19.8
0 613.183 10 3.9 19.8
0 613.277 11 3.9 19.8
0 613.381 10 3.9 19.8
0 613.477 10 3.9 19.8
0 613.578 10 3.9 19.8
0 613.686 9 3.9 19.8
0 613.887 5 3.9 19.8
0 613.911 41 3.9 19.8
0 614.017 9 3.9 19.8
0 614.188 6 3.9 19.8
0 614.204 63 3.9 19.8
0 614.314 9 3.9 19.8
0 614.584 4 3.9 19.8
0 614.695 9 3.9 19.8
0 614.714 52 3.9 19.8
0 614.998 4 3.9 19.8
0 615.01 83 3.9 19.8
0 615.124 9 3.9 19.8
0 615.225 10 3.9 19.8
0 615.323 10 3.9 19.8
0 615.419 10 3.9 19.8
0 615.578 6 3.8 19.8
0 615.626 21 3.8 19.8
0 615.73 10 3.8 19.8
0 615.925 5 3.8 19.8
0 615.945 50 3.8 19.8
0 616.055 9 3.8 19.8
0 616.206 7 3.8 19.8
0 616.254 21 3.8 19.8
0 616.351 10 3.8 19.8
0 616.613 4 3.8 19.8
0 616.633 49 3.8 19.8
0 616.745 9 3.8 19.8
0 616.949 5 3.8 19.8
0 616.966 58 3.8 19.8
0 617.162 5 3.8 19.8
0 617.178 61 3.8 19.8
0 617.292 9 3.8 19.8
0 617.383 11 3.8 19.8
0 617.487 10 3.8 19.8
0 617.646 6 3.8 19.8
0 617.687 25 3.8 19.8
0 617.794 9 3.8 19.8
0 617.991 5 3.8 19.8
0 618.017 38 3.8 19.8
0 618.119 10 3.8 19.8
0 618.275 6 3.8 19.8
0 618.32 22 3.8 19.8
0 618.413 11 3.8 19.8
0 618.684 4 3.8 19.8
0 618.702 54 3.8 19.8
0 618.811 9 3.8 19.8
0 619.014 5 3.8 19.8
0 619.033 52 3.8 19.8
0 619.137 10 3.8 19.8
0 619.272 7 3.8 19.8
0 619.344 14 3.8 19.8
0 619.435 11 3.8 19.8
0 619.545 9 3.8 19.8
0 619.766 5 3.8 19.8
0 619.787 48 3.8 19.8
0 620.042 4 3.8 19.8
0 620.074 32 3.8 19.8
0 620.167 11 3.8 19.8
0 620.332 6 3.8 19.8
0 620.362 33 3.8 19.8
0 620.466 10 3.8 19.8
0 620.735 4 3.8 19.8
0 620.757 46 3.8 19.8
0 620.865 9 3.8 19.8
0 621.067 5 3.8 19.8
0 621.085 55 3.8 19.8
0 621.189 10 3.8 19.8
0 621.291 10 3.8 19.8
0 621.391 10 3.8 19.8
0 621.488 10 3.8 19.8
0 621.593 10 3.8 19.8
0 621.688 10 3.8 19.8
0 621.847 6 3.8 19.8
0 621.895 21 3.8 19.8
0 622.094 5 3.8 19.8
0 622.196 10 3.8 19.8
0 622.202 151 3.8 19.8
0 622.379 6 3.8 19.8
0 622.423 23 3.8 19.8
0 622.515 11 3.8 19.8
0 622.79 4 3.8 19.8
0 622.807 59 3.8 19.8
0 622.924 9 3.8 19.8
0 623.013 11 3.8 19.8
0 623.11 10 3.8 19.8
0 623.216 9 3.8 19.8
0 623.317 10 3.8 19.8
0 623.415 10 3.8 19.8
0 623.519 10 3.8 19.8
0 623.656 7 3.8 19.8
0 623.729 14 3.8 19.8
0 623.874 7 3.8 19.8
0 623.917 23 3.8 19.8
0 624.13 5 3.8 19.8
0 624.151 48 3.8 19.8
0 624.26 9 3.8 19.8
0 624.413 7 3.8 19.8
0 624.45 27 3.8 19.8
0 624.555 10 3.8 19.8
0 624.968 2 3.8 19.8
0 624.988 51 3.8 19.8
0 625.238 4 3.8 19.8
0 625.262 42 3.8 19.8
0 625.365 10 3.8 19.8
0 625.462 10 3.8 19.8
0 625.57 9 3.8 19.8
0 625.671 10 3.8 19.8
0 625.765 11 3.8 19.8
0 625.921 6 3.8 19.8
0 625.964 23 3.8 19.8
0 626.336 3 3.8 19.8
0 626.409 14 3.8 19.8
0 626.455 22 3.8 19.8
0 626.553 10 3.8 19.8
0 626.665 9 3.8 19.8
0 626.981 3 3.8 19.8
0 626.994 76 3.8 19.8
0 627.099 10 3.8 19.8
0 627.339 4 3.8 19.8
0 627.357 58 3.8 19.8
0 627.462 9 3.8 19.8
0 627.563 10 3.8 19.8
0 627.656 11 3.8 19.8
0 627.763 9 3.8 19.8
0 627.92 6 3.8 19.8
0 627.953 30 3.8 19.8
0 628.07 9 3.8 19.8
0 628.159 11 3.8 19.8
0 628.3 7 3.8 19.8
0 628.433 8 3.8 19.8
0 628.461 36 3.8 19.8
0 628.555 11 3.8 19.8
0 628.689 7 3.8 19.8
0 628.762 14 3.8 19.8
0 628.859 10 3.8 19.8
0 629.067 5 3.8 19.8
0 629.082 64 3.8 19.8
0 629.188 9 3.8 19.8
0 629.5 3 3.8 19.8
0 629.525 40 3.8 19.8
0 629.62 10 3.8 19.8
0 629.815 5 3.8 19.8
0 629.824 104 3.8 19.8
0 630.049 4 3.8 19.8
0 630.066 56 3.8 19.8
0 630.237 6 3.8 19.8
0 630.28 24 3.8 19.8
0 630.38 10 3.8 19.8
0 630.537 6 3.8 19.8
0 630.582 22 3.8 19.8
0 630.675 11 3.8 19.8
0 630.778 10 3.8 19.8
0 630.875 10 3.8 19.8
0 631.082 5 3.8 19.8
0 631.106 41 3.8 19.8
0 631.283 6 3.8 19.8
0 631.29 133 3.8 19.8
0 631.41 8 3.8 19.8
0 631.622 5 3.8 19.8
0 631.654 31 3.8 19.8
0 631.746 11 3.8 19.8
0 631.85 10 3.8 19.8
0 632.057 5 3.8 19.8
0 632.078 48 3.8 19.8
0 632.195 9 3.8 19.8
0 632.377 5 3.8 19.8
0 632.405 35 3.8 19.8
0 632.604 5 3.8 19.8
0 632.622 58 3.8 19.8
0 632.745 8 3.8 19.8
0 632.828 12 3.8 19.8
0 632.935 9 3.8 19.8
0 633.135 5 3.8 19.8
0 633.152 59 3.8 19.8
0 633.27 8 3.8 19.8
0 633.401 8 3.8 19.8
0 633.467 15 3.8 19.8
0 633.727 4 3.8 19.8
0 633.795 15 3.8 19.8
0 633.854 17 3.8 19.8
0 634.056 5 3.8 19.8
0 634.079 42 3.8 19.8
0 634.191 9 3.8 19.8
0 634.285 11 3.8 19.8
0 634.45 6 3.8 19.8
0 634.476 38 3.8 19.8
0 634.687 5 3.8 19.8
0 634.709 46 3.8 19.8
0 634.844 7 3.8 19.8
0 634.925 12 3.8 19.8
0 635.018 11 3.8 19.8
0 635.222 5 3.8 19.8
0 635.244 45 3.8 19.8
0 635.351 9 3.8 19.8
0 635.459 9 3.8 19.8
0 635.556 10 3.8 19.8
0 635.811 4 4.2 19.8
0 635.836 39 4.2 19.8
0 635.943 9 4.2 19.8
0 636.146 5 4.2 19.8
0 636.168 47 4.2 19.8
0 636.321 7 4.2 19.8
0 636.38 17 4.2 19.8
0 636.531 7 4.2 19.8
0 636.579 21 4.2 19.8
0 636.785 5 4.2 19.8
0 636.807 44 4.2 19.8
0 636.914 9 4.2 19.8
0 637.011 10 4.2 19.8
0 637.112 10 4.2 19.8
0 637.333 5 4.2 19.8
0 637.347 72 4.2 19.8
0 637.458 9 4.2 19.8
0 637.551 11 4.2 19.8
0 637.822 4 4.2 19.8
0 637.855 31 4.2 19.8
0 637.993 7 4.2 19.8
0 638.066 14 4.2 19.8
0 638.146 12 4.2 19.8
0 638.246 10 4.2 19.8
0 638.362 9 4.2 19.8
0 638.447 12 4.2 19.8
0 638.604 6 4.2 19.8
0 638.644 24 4.2 19.8
0 638.851 5 4.2 19.8
0 638.879 37 4.2 19.8
0 638.975 10 4.2 19.8
0 639.075 10 4.2 19.8
0 639.172 10 4.2 19.8
0 639.277 10 4.2 19.8
0 639.386 9 4.2 19.8
0 639.479 11 4.2 19.8
0 639.577 10 4.2 19.8
0 639.885 3 4.2 19.8
0 639.918 30 4.2 19.8
0 640.012 11 4.2 19.8
0 640.208 5 4.2 19.8
0 640.225 60 4.2 19.8
0 640.336 9 4.2 19.8
0 640.445 9 4.2 19.8
0 640.53 12 4.2 19.8
0 640.693 6 4.2 19.8
0 640.737 23 4.2 19.8
0 640.936 5 4.2 19.8
0 640.962 38 4.2 19.8
0 641.059 10 4.2 19.8
0 641.159 10 4.2 19.8
0 641.257 10 4.2 19.8
0 641.362 10 4.2 19.8
0 641.473 9 4.2 19.8
0 641.561 11 4.2 19.8
0 641.66 10 4.2 19.8
0 641.923 4 4.2 19.8
0 641.949 38 4.2 19.8
0 642.054 10 4.2 19.8
0 642.254 5 4.2 19.8
0 642.273 53 4.2 19.8
0 642.517 4 4.2 19.8
0 642.529 79 4.2 19.8
0 642.713 5 4.2 19.8
0 642.747 30 4.2 19.8
0 642.95 5 4.2 19.8
0 642.97 49 4.2 19.8
0 643.073 10 4.2 19.8
0 643.191 8 4.2 19.8
0 643.275 12 4.2 19.8
0 643.514 4 4.2 19.8
0 643.525 93 4.2 19.8
0 643.643 8 4.2 19.8
0 643.747 10 4.2 19.8
0 644.01 4 4.2 19.8
0 644.032 46 4.2 19.8
0 644.139 9 4.2 19.8
0 644.346 5 4.2 19.8
0 644.365 54 4.2 19.8
0 644.475 9 4.2 19.8
0 644.625 7 4.2 19.8
0 644.727 10 4.2 19.8
0 644.774 21 4.2 19.8
0 644.991 5 4.2 19.8
0 645.009 55 4.2 19.8
0 645.117 9 4.2 19.8
0 645.215 10 4.2 19.8
0 645.314 10 4.2 19.8
0 645.425 9 4.2 19.8
0 645.603 6 4.2 19.8
0 645.611 111 4.2 19.8
0 645.82 5 3.9 19.8
0 646.063 4 3.9 19.8
0 646.116 19 3.9 19.8
0 646.192 13 3.9 19.8
0 646.29 10 3.9 19.8
0 646.452 6 3.9 19.8
0 646.481 34 3.9 19.8
0 646.657 6 3.9 19.8
0 646.796 7 3.9 19.8
0 646.827 32 3.9 19.8
0 647.034 5 3.9 19.8
0 647.057 44 3.9 19.8
0 647.171 9 3.9 19.8
0 647.258 12 3.9 19.8
0 647.357 10 3.9 19.8
0 647.46 10 3.9 19.8
0 647.619 6 3.9 19.8
0 647.659 25 3.9 19.8
0 647.768 9 3.9 19.8
0 648.08 3 3.9 19.8
0 648.101 48 3.9 19.8
0 648.21 9 3.9 19.8
0 648.315 10 3.9 19.8
0 648.402 12 3.9 19.8
0 648.564 6 3.9 19.8
0 648.662 10 3.9 19.8
0 648.805 7 3.9 19.8
0 648.836 32 3.9 19.8
0 648.932 11 3.9 19.8
0 649.029 10 3.9 19.8
0 649.174 7 3.9 19.8
0 649.233 17 3.9 19.8
0 649.338 9 3.9 19.8
0 649.426 11 3.9 19.8
0 649.529 10 3.9 19.8
0 649.688 6 3.9 19.8
0 649.73 24 3.9 19.8
0 649.842 9 3.9 19.8
0 650.047 5 3.9 19.8
0 650.069 47 3.9 19.8
0 650.176 9 3.9 19.8
0 650.269 11 3.9 19.8
0 650.383 9 3.9 19.8
0 650.504 8 3.9 19.8
0 650.651 7 3.9 19.8
0 650.839 5 3.9 19.8
0 650.858 55 3.9 19.8
0 650.982 8 3.9 19.8
0 651.063 12 3.9 19.8
0 651.164 10 3.9 19.8
0 651.263 10 3.9 19.8
0 651.363 10 3.9 19.8
0 651.462 10 3.9 19.8
0 651.579 9 3.9 19.8
0 651.719 7 3.9 19.8
0 651.762 23 3.9 19.8
0 651.86 10 3.9 19.8
0 652.085 4 3.9 19.8
0 652.113 37 3.9 19.8
0 652.211 10 3.9 19.8
0 652.306 10 3.9 19.8
0 652.404 10 3.9 19.8
0 652.509 10 3.9 19.8
0 652.677 6 3.9 19.8
0 652.866 5 3.9 19.8
0 652.884 55 3.9 19.8
0 652.989 10 3.9 19.8
0 653.086 10 3.9 19.8
0 653.199 9 3.9 19.8
0 653.289 11 3.9 19.8
0 653.388 10 3.9 19.8
0 653.489 10 3.9 19.8
0 653.587 10 3.9 19.8
0 653.755 6 3.9 19.8
0 653.788 30 3.9 19.8
0 653.891 10 3.9 19.8
0 654.105 5 3.9 19.8
0 654.122 57 3.9 19.8
0 654.231 9 3.9 19.8
0 654.335 10 3.9 19.8
0 654.426 11 3.9 19.8
0 654.528 10 3.9 19.8
0 654.683 6 3.9 19.8
0 654.892 5 3.9 19.8
0 654.917 40 3.9 19.8
0 655.017 10 3.9 19.8
0 655.109 11 3.9 19.8
0 655.215 9 3.9 19.8
0 655.325 9 3.9 19.8
0 655.435 9 3.9 19.8
0 655.539 10 3.9 19.8
0 655.613 13 3.9 19.8
0 655.8 5 3.9 19.8
0 655.81 102 3.9 19.8
0 655.932 8 3.6 19.8
0 656.141 5 3.6 19.8
0 656.16 55 3.6 19.8
0 656.27 9 3.6 19.8
0 656.361 11 3.6 19.8
0 656.475 9 3.6 19.8
0 656.562 11 3.6 19.8
0 656.721 6 3.6 19.8
0 656.927 5 3.6 19.8
0 656.95 43 3.6 19.8
0 657.067 9 3.6 19.8
0 657.15 12 3.6 19.8
0 657.252 10 3.6 19.8
0 657.356 10 3.6 19.8
0 657.451 10 3.6 19.8
0 657.547 10 3.6 19.8
0 657.802 4 3.6 19.8
0 657.888 12 3.6 19.8
0 657.928 25 3.6 19.8
0 658.186 4 3.6 19.8
0 658.215 34 3.6 19.8
0 658.32 10 3.6 19.8
0 658.413 11 3.6 19.8
0 658.516 10 3.6 19.8
0 658.615 10 3.6 19.8
0 658.775 6 3.6 19.8
0 658.93 6 3.6 19.8
0 658.956 40 3.6 19.8
0 659.061 9 3.6 19.8
0 659.155 11 3.6 19.8
0 659.259 10 3.6 19.8
0 659.359 10 3.6 19.8
0 659.461 10 3.6 19.8
0 659.557 10 3.6 19.8
0 659.66 10 3.6 19.8
0 659.755 11 3.6 19.8
0 660.032 4 3.6 19.8
0 660.223 5 3.6 19.8
0 660.246 43 3.6 19.8
0 660.352 9 3.6 19.8
0 660.459 9 3.6 19.8
0 660.556 10 3.6 19.8
0 660.652 10 3.6 19.8
0 660.811 6 3.6 19.8
0 661.023 5 3.6 19.8
0 661.047 41 3.6 19.8
0 661.155 9 3.6 19.8
0 661.248 11 3.6 19.8
0 661.347 10 3.6 19.8
0 661.453 9 3.6 19.8
0 661.547 11 3.6 19.8
0 661.656 9 3.6 19.8
0 661.749 11 3.6 19.8
0 661.856 9 3.6 19.8
0 662.226 3 3.6 19.8
0 662.245 52 3.6 19.8
0 662.351 9 3.6 19.8
0 662.449 10 3.6 19.8
0 662.556 9 3.6 19.8
0 662.651 10 3.6 19.8
0 662.755 10 3.6 19.8
0 663.069 3 3.6 19.8
0 663.091 45 3.6 19.8
0 663.198 9 3.6 19.8
0 663.301 10 3.6 19.8
0 663.391 11 3.6 19.8
0 663.495 10 3.6 19.8
0 663.594 10 3.6 19.8
0 663.693 10 3.6 19.8
0 663.806 9 3.6 19.8
0 663.898 11 3.6 19.8
0 664.275 3 3.6 19.8
0 664.303 35 3.6 19.8
0 664.405 10 3.6 19.8
0 664.504 10 3.6 19.8
0 664.599 11 3.6 19.8
0 664.701 10 3.6 19.8
0 664.807 9 3.6 19.8
0 665.126 3 3.6 19.8
0 665.153 38 3.6 19.8
0 665.258 9 3.6 19.8
0 665.353 11 3.6 19.8
0 665.461 9 3.6 19.8
0 665.562 10 3.6 19.8
0 665.732 6 3.6 19.8
0 665.762 33 3.6 19.8
0 665.893 8 3.6 19.8
0 665.964 14 3.6 19.8
0 666.392 2 3.6 19.8
0 666.423 33 3.6 19.8
0 666.52 10 3.6 19.8
0 666.616 10 3.6 19.8
0 666.719 10 3.6 19.8
0 666.823 10 3.6 19.8
0 667.147 3 3.6 19.8
0 667.174 38 3.6 19.8
0 667.282 9 3.6 19.8
0 667.38 10 3.6 19.8
0 667.474 11 3.6 19.8
0 667.582 9 3.6 19.8
0 667.672 11 3.6 19.8
0 667.83 6 3.6 19.8
0 667.876 22 3.6 19.8
0 667.98 10 3.6 19.8
0 668.099 8 3.6 19.8
0 668.395 3 3.6 19.8
0 668.421 38 3.6 19.8
0 668.534 9 3.6 19.8
0 668.627 11 3.6 19.8
0 668.716 11 3.6 19.8
0 668.825 9 3.6 19.8
0 668.979 7 3.6 19.8
0 669.232 4 3.6 19.8
0 669.259 37 3.6 19.8
0 669.363 10 3.6 19.8
0 669.457 11 3.6 19.8
0 669.56 10 3.6 19.8
0 669.668 9 3.6 19.8
0 669.762 11 3.6 19.8
0 669.911 7 3.6 19.8
0 669.958 21 3.6 19.8
0 670.063 10 3.6 19.8
0 670.437 3 3.6 19.8
0 670.472 28 3.6 19.8
0 670.565 11 3.6 19.8
0 670.662 10 3.6 19.8
0 670.766 10 3.6 19.8
0 670.895 8 3.6 19.8
0 671.131 4 3.6 19.8
0 671.267 7 3.6 19.8
0 671.305 26 3.6 19.8
0 671.398 11 3.6 19.8
0 671.496 10 3.6 19.8
0 671.599 10 3.6 19.8
0 671.696 10 3.6 19.8
0 671.799 10 3.6 19.8
0 671.96 6 3.6 19.8
0 671.992 31 3.6 19.8
0 672.095 10 3.6 19.8
0 672.478 3 3.6 19.8
0 672.509 33 3.6 19.8
0 672.615 9 3.6 19.8
0 672.71 11 3.6 19.8
0 672.81 10 3.6 19.8
0 672.913 10 3.6 19.8
0 673.333 2 3.6 19.8
0 673.365 31 3.6 19.8
0 673.471 9 3.6 19.8
0 673.56 11 3.6 19.8
0 673.66 10 3.6 19.8
0 673.773 9 3.6 19.8
0 673.866 11 3.6 19.8
0 674.022 6 3.6 19.8
0 674.069 21 3.6 19.8
0 674.169 10 3.6 19.8
0 674.596 2 3.6 19.8
0 674.622 37 3.6 19.8
0 674.725 10 3.6 19.8
0 674.826 10 3.6 19.8
0 674.932 9 3.6 19.8
0 675.353 2 3.6 19.8
0 675.388 28 3.6 19.8
0 675.505 9 3.6 19.8
0 675.618 9 3.6 19.8
0 675.682 16 3.6 19.8
0 675.788 9 3.6 19.8
0 675.909 8 3.6 19.8
0 676.047 7 3.6 19.8
0 676.081 29 3.6 19.8
0 676.182 10 3.6 19.8
0 676.567 3 3.6 19.8
0 676.603 28 3.6 19.8
0 676.703 10 3.6 19.8
0 676.793 11 3.6 19.8
0 676.898 9 3.6 19.8
0 676.995 10 3.6 19.8
0 677.567 2 3.6 19.8
0 677.595 36 3.6 19.8
0 677.701 9 3.6 19.8
0 677.801 10 3.6 19.8
0 677.895 11 3.6 19.8
0 678.064 6 3.6 19.8
0 678.096 31 3.6 19.8
0 678.194 10 3.6 19.8
0 678.628 2 3.6 19.8
0 678.666 26 3.6 19.8
0 678.762 10 3.6 19.8
0 678.855 11 3.6 19.8
0 678.962 9 3.6 19.8
0 679.059 10 3.6 19.8
0 679.373 3 3.6 19.8
0 679.395 47 3.6 19.8
0 679.566 6 3.6 19.8
0 679.601 28 3.6 19.8
0 679.71 9 3.6 19.8
0 679.803 11 3.6 19.8
0 679.911 9 3.6 19.8
0 680.058 7 3.6 19.8
0 680.104 21 3.6 19.8
0 680.21 10 3.6 19.8
0 680.729 2 3.6 19.8
0 680.743 71 3.6 19.8
0 680.86 9 3.6 19.8
0 680.981 8 3.6 19.8
0 681.063 12 3.6 19.8
0 681.364 3 3.6 19.8
0 681.395 31 3.6 19.8
0 681.497 10 3.6 19.8
0 681.651 6 3.6 19.8
0 681.69 25 3.6 19.8
0 681.789 10 3.6 19.8
0 681.894 10 3.6 19.8
0 681.999 9 3.6 19.8
0 682.195 5 3.6 19.8
0 682.217 45 3.6 19.8
0 682.594 3 3.6 19.8
0 682.639 22 3.6 19.8
0 682.727 11 3.6 19.8
0 682.827 10 3.6 19.8
0 682.923 10 3.6 19.8
0 683.024 10 3.6 19.8
0 683.128 10 3.6 19.8
0 683.397 4 3.6 19.8
0 683.419 45 3.6 19.8
0 683.526 9 3.6 19.8
0 683.686 6 3.6 19.8
0 683.721 29 3.6 19.8
0 683.827 9 3.6 19.8
0 683.926 10 3.6 19.8
0 684.022 10 3.6 19.8
0 684.231 5 3.6 19.8
0 684.246 67 3.6 19.8
0 684.628 3 3.6 19.8
0 684.651 44 3.6 19.8
0 684.761 9 3.6 19.8
0 684.853 11 3.6 19.8
0 684.952 10 3.6 19.8
0 685.061 9 3.6 19.8
0 685.154 11 3.6 19.8
0 685.359 5 3.6 19.8
0 685.378 52 3.6 19.8
0 685.487 9 3.6 19.8
0 685.585 10 3.6 19.8
0 685.765 6 3.6 19.8
0 685.773 119 3.6 19.8
0 685.896 8 3.6 19.8
0 686.017 8 3.6 19.8
0 686.094 13 4.0 19.8
0 686.299 5 4.0 19.8
0 686.318 51 4.0 19.8
0 686.697 3 4.0 19.8
0 686.723 39 4.0 19.8
0 686.821 10 4.0 19.8
0 686.924 10 4.0 19.8
0 687.1 6 4.0 19.8
0 687.11 104 4.0 19.8
0 687.235 8 4.0 19.8
0 687.432 5 4.0 19.8
0 687.451 53 4.0 19.8
0 687.561 9 4.0 19.8
0 687.659 10 4.0 19.8
0 687.823 6 4.0 19.8
0 687.857 30 4.0 19.8
0 687.958 10 4.0 19.8
0 688.058 10 4.0 19.8
0 688.162 10 4.0 19.8
0 688.372 5 4.0 19.8
0 688.388 61 4.0 19.8
0 688.77 3 4.0 19.8
0 688.799 35 4.0 19.8
0 688.898 10 4.0 19.8
0 688.992 11 4.0 19.8
0 689.095 10 4.0 19.8
0 689.194 10 4.0 19.8
0 689.412 5 4.0 19.8
0 689.548 7 4.0 19.8
0 689.567 54 4.0 19.8
0 689.67 10 4.0 19.8
0 689.833 6 4.0 19.8
0 689.875 24 4.0 19.8
0 689.979 10 4.0 19.8
0 690.072 11 4.0 19.8
0 690.171 10 4.0 19.8
0 690.378 5 4.0 19.8
0 690.4 46 4.0 19.8
0 690.513 9 4.0 19.8
0 690.601 11 4.0 19.8
0 690.912 3 4.0 19.8
0 690.931 52 4.0 19.8
0 691.075 7 4.0 19.8
0 691.142 15 4.0 19.8
0 691.236 11 4.0 19.8
0 691.34 10 4.0 19.8
0 691.544 5 4.0 19.8
0 691.564 50 4.0 19.8
0 691.671 9 4.0 19.8
0 691.768 10 4.0 19.8
0 691.93 6 4.0 19.8
0 691.97 25 4.0 19.8
0 692.081 9 4.0 19.8
0 692.174 11 4.0 19.8
0 692.263 11 4.0 19.8
0 692.486 4 4.0 19.8
0 692.508 45 4.0 19.8
0 692.623 9 4.0 19.8
0 692.997 3 4.0 19.8
0 693.021 41 4.0 19.8
0 693.136 9 4.0 19.8
0 693.228 11 4.0 19.8
0 693.324 10 4.0 19.8
0 693.423 10 4.0 19.8
0 693.63 5 4.0 19.8
0 693.655 40 4.0 19.8
0 693.765 9 4.0 19.8
0 693.856 11 4.0 19.8
0 694.016 6 4.0 19.8
0 694.059 23 4.0 19.8
0 694.175 9 4.0 19.8
0 694.259 12 4.0 19.8
0 694.358 10 4.0 19.8
0 694.559 5 4.0 19.8
0 694.585 40 4.0 19.8
0 694.697 9 4.0 19.8
0 695.058 3 4.0 19.8
0 695.086 36 4.0 19.8
0 695.183 10 4.0 19.8
0 695.289 9 4.0 19.8
0 695.385 10 4.0 19.8
0 695.485 10 4.0 19.8
0 695.687 5 4.0 19.8
0 695.703 63 4.0 19.8
0 695.822 8 4.0 19.8
0 695.921 10 4.0 19.8
0 696.113 5 3.8 19.9
0 696.134 48 3.8 19.9
0 696.249 9 3.8 19.9
0 696.345 10 3.8 19.9
0 696.444 10 3.8 19.9
0 696.643 5 3.8 19.9
0 696.659 63 3.8 19.9
0 696.767 9 3.8 19.9
0 697.139 3 3.8 19.9
0 697.149 106 3.8 19.9
0 697.26 9 3.8 19.9
0 697.361 10 3.8 19.9
0 697.467 9 3.8 19.9
0 697.56 11 3.8 19.9
0 697.773 5 3.8 19.9
0 697.79 59 3.8 19.9
0 697.897 9 3.8 19.9
0 697.996 10 3.8 19.9
0 698.199 5 3.8 19.9
0 698.214 69 3.8 19.9
0 698.398 5 3.8 19.9
0 698.409 84 3.8 19.9
0 698.528 8 3.8 19.9
0 698.617 11 3.8 19.9
0 698.723 9 3.8 19.9
0 698.82 10 3.8 19.9
0 699.097 4 3.8 19.9
0 699.122 40 3.8 19.9
0 699.222 10 3.8 19.9
0 699.316 11 3.8 19.9
0 699.417 10 3.8 19.9
0 699.521 10 3.8 19.9
0 699.627 9 3.8 19.9
0 699.824 5 3.8 19.9
0 699.844 50 3.8 19.9
0 699.948 10 3.8 19.9
0 700.049 10 3.8 19.9
0 700.263 5 3.8 19.9
0 700.281 56 3.8 19.9
0 700.392 9 3.8 19.9
0 700.538 7 3.8 19.9
0 700.584 22 3.8 19.9
0 700.69 9 3.8 19.9
0 700.794 10 3.8 19.9
0 700.887 11 3.8 19.9
0 701.214 3 3.8 19.9
0 701.316 10 3.8 19.9
0 701.325 111 3.8 19.9
0 701.443 8 3.8 19.9
0 701.541 10 3.8 19.9
0 701.637 10 3.8 19.9
0 701.853 5 3.8 19.9
0 701.869 62 3.8 19.9
0 701.982 9 3.8 19.9
0 702.073 11 3.8 19.9
0 702.285 5 3.8 19.9
0 702.305 50 3.8 19.9
0 702.424 8 3.8 19.9
0 702.568 7 3.8 19.9
0 702.61 23 3.8 19.9
0 702.709 10 3.8 19.9
0 702.809 10 3.8 19.9
0 702.91 10 3.8 19.9
0 703.184 4 3.8 19.9
0 703.202 54 3.8 19.9
0 703.31 9 3.8 19.9
0 703.406 10 3.8 19.9
0 703.507 10 3.8 19.9
0 703.614 9 3.8 19.9
0 703.711 10 3.8 19.9
0 703.913 5 3.8 19.9
0 703.928 64 3.8 19.9
0 704.035 9 3.8 19.9
0 704.139 10 3.8 19.9
0 704.306 6 3.8 19.9
0 704.336 33 3.8 19.9
0 704.438 10 3.8 19.9
0 704.591 7 3.8 19.9
0 704.64 20 3.8 19.9
0 704.736 10 3.8 19.9
0 704.845 9 3.8 19.9
0 704.934 11 3.8 19.9
0 705.201 4 3.8 19.9
0 705.228 38 3.8 19.9
0 705.325 10 3.8 19.9
0 705.427 10 3.8 19.9
0 705.522 11 3.8 19.9
0 705.63 9 3.8 19.9
0 705.729 10 3.8 19.9
0 705.934 5 3.8 19.9
0 705.949 67 3.8 19.9
0 706.057 9 3.8 19.9
0 706.178 8 3.6 19.8
0 706.403 4 3.6 19.8
0 706.412 115 3.6 19.8
0 706.533 8 3.6 19.8
0 706.684 7 3.6 19.8
0 706.731 21 3.6 19.8
0 706.835 10 3.6 19.8
0 706.932 10 3.6 19.8
0 707.033 10 3.6 19.8
0 707.288 4 3.6 19.8
0 707.31 47 3.6 19.8
0 707.413 10 3.6 19.8
0 707.511 10 3.6 19.8
0 707.614 10 3.6 19.8
0 707.707 11 3.6 19.8
0 707.814 9 3.6 19.8
0 708.024 5 3.6 19.8
0 708.118 11 3.6 19.8
0 708.144 38 3.6 19.8
0 708.248 10 3.6 19.8
0 708.461 5 3.6 19.8
0 708.477 62 3.6 19.8
0 708.588 9 3.6 19.8
0 708.79 5 3.6 19.8
0 708.805 70 3.6 19.8
0 709.035 4 3.6 19.8
0 709.042 139 3.6 19.8
0 709.232 5 3.6 19.8
0 709.261 35 3.6 19.8
0 709.356 11 3.6 19.8
0 709.453 10 3.6 19.8
0 709.553 10 3.6 19.8
0 709.653 10 3.6 19.8
0 709.763 9 3.6 19.8
0 709.867 10 3.6 19.8
0 710.055 5 3.6 19.8
0 710.07 66 3.6 19.8
0 710.231 6 3.6 19.8
0 710.282 19 3.6 19.8
0 710.379 10 3.6 19.8
0 710.478 10 3.6 19.8
0 710.574 10 3.6 19.8
0 710.673 10 3.6 19.8
0 710.891 5 3.6 19.8
0 710.908 61 3.6 19.8
0 711.015 9 3.6 19.8
0 711.111 10 3.6 19.8
0 711.327 5 3.6 19.8
0 711.335 118 3.6 19.8
0 711.484 7 3.6 19.8
0 711.545 16 3.6 19.8
0 711.649 10 3.6 19.8
0 711.743 11 3.6 19.8
0 711.843 10 3.6 19.8
0 711.943 10 3.6 19.8
0 712.167 4 3.6 19.8
0 712.25 12 3.6 19.8
0 712.289 26 3.6 19.8
0 712.388 10 3.6 19.8
0 712.488 10 3.6 19.8
0 712.587 10 3.6 19.8
0 712.693 9 3.6 19.8
0 712.996 3 3.6 19.8
0 713.002 159 3.6 19.8
0 713.118 9 3.6 19.8
0 713.293 6 3.6 19.8
0 713.316 44 3.6 19.8
0 713.412 10 3.6 19.8
0 713.519 9 3.6 19.8
0 713.616 10 3.6 19.8
0 713.725 9 3.6 19.8
0 713.821 10 3.6 19.8
0 713.996 6 3.6 19.8
0 714.007 87 3.6 19.8
0 714.335 3 3.6 19.8
0 714.351 64 3.6 19.8
0 714.462 9 3.6 19.8
0 714.556 11 3.6 19.8
0 714.657 10 3.6 19.8
0 714.766 9 3.6 19.8
0 714.974 5 3.6 19.8
0 714.987 78 3.6 19.8
0 715.098 9 3.6 19.8
0 715.193 11 3.6 19.8
0 715.369 6 3.6 19.8
0 715.397 36 3.6 19.8
0 715.505 9 3.6 19.8
0 715.597 11 3.6 19.8
0 715.697 10 3.6 19.8
0 715.801 10 3.6 19.8
0 715.905 10 3.6 19.8
0 716.063 6 3.6 19.8
0 716.098 29 3.6 19.8
0 716.435 3 3.8 19.8
0 716.447 89 3.8 19.8
0 716.57 8 3.8 19.8
0 716.656 12 3.8 19.8
0 716.761 9 3.8 19.8
0 716.97 5 3.8 19.8
0 716.992 47 3.8 19.8
0 717.098 9 3.8 19.8
0 717.192 11 3.8 19.8
0 717.294 10 3.8 19.8
0 717.498 5 3.8 19.8
0 717.527 35 3.8 19.8
0 717.627 10 3.8 19.8
0 717.726 10 3.8 19.8
0 717.82 11 3.8 19.8
0 717.924 10 3.8 19.8
0 718.088 6 3.8 19.8
0 718.131 23 3.8 19.8
0 718.434 3 3.8 19.8
0 718.458 42 3.8 19.8
0 718.569 9 3.8 19.8
0 718.665 10 3.8 19.8
0 718.758 11 3.8 19.8
0 718.858 10 3.8 19.8
0 719.057 5 3.8 19.8
0 719.079 45 3.8 19.8
0 719.191 9 3.8 19.8
0 719.283 11 3.8 19.8
0 719.383 10 3.8 19.8
0 719.589 5 3.8 19.8
0 719.615 39 3.8 19.8
0 719.721 9 3.8 19.8
0 719.813 11 3.8 19.8
0 719.912 10 3.8 19.8
0 720.019 9 3.8 19.8
0 720.172 7 3.8 19.8
0 720.226 19 3.8 19.8
0 720.516 3 3.8 19.8
0 720.541 40 3.8 19.8
0 720.649 9 3.8 19.8
0 720.747 10 3.8 19.8
0 720.839 11 3.8 19.8
0 720.939 10 3.8 19.8
0 721.146 5 3.8 19.8
0 721.167 47 3.8 19.8
0 721.284 9 3.8 19.8
0 721.38 10 3.8 19.8
0 721.473 11 3.8 19.8
0 721.676 5 3.8 19.8
0 721.696 49 3.8 19.8
0 721.811 9 3.8 19.8
0 721.897 12 3.8 19.8
0 722.006 9 3.8 19.8
0 722.104 10 3.8 19.8
0 722.262 6 3.8 19.8
0 722.299 27 3.8 19.8
0 722.626 3 3.8 19.8
0 722.647 46 3.8 19.8
0 722.756 9 3.8 19.8
0 722.849 11 3.8 19.8
0 722.946 10 3.8 19.8
0 723.165 5 3.8 19.8
0 723.18 68 3.8 19.8
0 723.292 9 3.8 19.8
0 723.389 10 3.8 19.8
0 723.488 10 3.8 19.8
0 723.7 5 3.8 19.8
0 723.846 7 3.8 19.8
0 723.855 108 3.8 19.8
0 723.971 9 3.8 19.8
0 724.071 10 3.8 19.8
0 724.167 10 3.8 19.8
0 724.331 6 3.8 19.8
0 724.372 24 3.8 19.8
0 724.667 3 3.8 19.8
0 724.681 72 3.8 19.8
0 724.792 9 3.8 19.8
0 724.897 10 3.8 19.8
0 724.988 11 3.8 19.8
0 725.09 10 3.8 19.8
0 725.189 10 3.8 19.8
0 725.287 10 3.8 19.8
0 725.402 9 3.8 19.8
0 725.489 12 3.8 19.8
0 725.701 5 3.8 19.8
0 725.719 55 3.8 19.8
0 725.826 9 3.8 19.8
0 725.942 9 3.8 19.8
0 726.025 12 3.8 19.8
0 726.122 10 3.8 19.8
0 726.224 10 3.8 19.8
0 726.389 6 3.8 19.8
0 726.426 27 3.8 19.8
0 726.797 3 3.6 19.8
0 726.804 131 3.6 19.8
0 726.922 8 3.6 19.8
0 727.02 10 3.6 19.8
0 727.116 10 3.6 19.8
0 727.225 9 3.6 19.8
0 727.324 10 3.6 19.8
0 727.423 10 3.6 19.8
0 727.526 10 3.6 19.8
0 727.726 5 3.6 19.8
0 727.745 51 3.6 19.8
0 727.856 9 3.6 19.8
0 727.949 11 3.6 19.8
0 728.052 10 3.6 19.8
0 728.15 10 3.6 19.8
0 728.25 10 3.6 19.8
0 728.406 6 3.6 19.8
0 728.45 23 3.6 19.8
0 728.758 3 3.6 19.8
0 728.775 58 3.6 19.8
0 728.878 10 3.6 19.8
0 728.982 10 3.6 19.8
0 729.079 10 3.6 19.8
0 729.181 10 3.6 19.8
0 729.282 10 3.6 19.8
0 729.448 6 3.6 19.8
0 729.483 28 3.6 19.8
0 729.652 6 3.6 19.8
0 729.781 8 3.6 19.8
0 729.81 34 3.6 19.8
0 729.916 9 3.6 19.8
0 730.012 10 3.6 19.8
0 730.186 6 3.6 19.8
0 730.199 75 3.6 19.8
0 730.315 9 3.6 19.8
0 730.476 6 3.6 19.8
0 730.52 23 3.6 19.8
0 730.823 3 3.6 19.8
0 730.849 39 3.6 19.8
0 730.948 10 3.6 19.8
0 731.05 10 3.6 19.8
0 731.146 10 3.6 19.8
0 731.238 11 3.6 19.8
0 731.351 9 3.6 19.8
0 731.514 6 3.6 19.8
0 731.557 23 3.6 19.8
0 731.704 7 3.6 19.8
0 731.874 6 3.6 19.8
0 731.888 70 3.6 19.8
0 731.997 9 3.6 19.8
0 732.102 10 3.6 19.8
0 732.25 7 3.6 19.8
0 732.3 20 3.6 19.8
0 732.401 10 3.6 19.8
0 732.555 7 3.6 19.8
0 732.603 20 3.6 19.8
0 732.801 5 3.6 19.8
0 732.819 54 3.6 19.8
0 732.928 9 3.6 19.8
0 733.021 11 3.6 19.8
0 733.128 9 3.6 19.8
0 733.291 6 3.6 19.8
0 733.319 35 3.6 19.8
0 733.473 6 3.6 19.8
0 733.595 8 3.6 19.8
0 733.621 38 3.6 19.8
0 733.795 6 3.6 19.8
0 733.868 14 3.6 19.8
0 733.931 16 3.6 19.8
0 734.024 11 3.6 19.8
0 734.128 10 3.6 19.8
0 734.284 6 3.6 19.8
0 734.328 23 3.6 19.8
0 734.426 10 3.6 19.8
0 734.631 5 3.6 19.8
0 734.652 47 3.6 19.8
0 734.87 5 3.6 19.8
0 734.888 56 3.6 19.8
0 734.996 9 3.6 19.8
0 735.087 11 3.6 19.8
0 735.196 9 3.6 19.8
0 735.348 7 3.6 19.8
0 735.397 20 3.6 19.8
0 735.492 11 3.6 19.8
0 735.652 6 3.6 19.8
0 735.701 20 3.6 19.8
0 735.855 6 3.6 19.8
0 735.894 26 3.6 19.8
0 735.997 10 3.6 19.8
0 736.092 11 3.6 19.8
0 736.205 9 3.6 19.8
0 736.355 7 3.6 19.8
0 736.398 23 3.6 19.8
0 736.499 10 3.6 19.8
0 736.702 5 3.6 19.8
0 736.727 40 3.6 19.8
0 736.96 4 4.0 19.8
0 736.967 131 4.0 19.8
0 737.092 8 4.0 19.8
0 737.181 11 4.0 19.8
0 737.29 9 4.0 19.8
0 737.441 7 4.0 19.8
0 737.483 24 4.0 19.8
0 737.585 10 4.0 19.8
0 737.74 6 4.0 19.8
0 737.785 22 4.0 19.8
0 737.943 6 4.0 19.8
0 737.981 27 4.0 19.8
0 738.084 10 4.0 19.8
0 738.181 10 4.0 19.8
0 738.285 10 4.0 19.8
0 738.446 6 4.0 19.8
0 738.478 31 4.0 19.8
0 738.584 9 4.0 19.8
0 738.79 5 4.0 19.8
0 738.807 58 4.0 19.8
0 739.031 4 4.0 19.8
0 739.052 48 4.0 19.8
0 739.16 9 4.0 19.8
0 739.252 11 4.0 19.8
0 739.355 10 4.0 19.8
0 739.513 6 4.0 19.8
0 739.564 20 4.0 19.8
0 739.657 11 4.0 19.8
0 739.821 6 4.0 19.8
0 739.863 24 4.0 19.8
0 740.01 7 4.0 19.8
0 740.054 22 4.0 19.8
0 740.166 9 4.0 19.8
0 740.255 11 4.0 19.8
0 740.357 10 4.0 19.8
0 740.519 6 4.0 19.8
0 740.555 28 4.0 19.8
0 740.657 10 4.0 19.8
0 740.871 5 4.0 19.8
0 740.888 59 4.0 19.8
0 741.103 5 4.0 19.8
0 741.125 45 4.0 19.8
0 741.288 6 4.0 19.8
0 741.406 9 4.0 19.8
0 741.422 61 4.0 19.8
0 741.607 5 4.0 19.8
0 741.64 30 4.0 19.8
0 741.737 10 4.0 19.8
0 742.008 4 4.0 19.8
0 742.085 13 4.0 19.8
0 742.142 18 4.0 19.8
0 742.236 11 4.0 19.8
0 742.349 9 4.0 19.8
0 742.438 11 4.0 19.8
0 742.595 6 4.0 19.8
0 742.637 24 4.0 19.8
0 742.731 11 4.0 19.8
0 742.944 5 4.0 19.8
0 742.969 40 4.0 19.8
0 743.184 5 4.0 19.8
0 743.209 40 4.0 19.8
0 743.377 6 4.0 19.8
0 743.464 11 4.0 19.8
0 743.511 22 4.0 19.8
0 743.671 6 4.0 19.8
0 743.714 24 4.0 19.8
0 743.813 10 4.0 19.8
0 744.022 5 4.0 19.8
0 744.115 11 4.0 19.8
0 744.154 26 4.0 19.8
0 744.255 10 4.0 19.8
0 744.348 11 4.0 19.8
0 744.449 10 4.0 19.8
0 744.613 6 4.0 19.8
0 744.649 28 4.0 19.8
0 744.757 9 4.0 19.8
0 744.956 5 4.0 19.8
0 744.981 41 4.0 19.8
0 745.198 5 4.0 19.8
0 745.222 42 4.0 19.8
0 745.392 6 4.0 19.8
0 745.478 12 4.0 19.8
0 745.526 21 4.0 19.8
0 745.698 6 4.0 19.8
0 745.722 42 4.0 19.8
0 745.826 10 4.0 19.8
0 746.033 5 4.0 19.8
0 746.163 8 4.0 19.8
0 746.187 41 4.0 19.8
0 746.302 9 4.0 19.8
0 746.393 11 4.0 19.8
0 746.489 10 4.0 19.8
0 746.653 6 4.0 19.8
0 746.693 25 4.0 19.8
0 746.789 10 4.0 19.8
0 747.052 4 3.9 19.9
0 747.065 73 3.9 19.9
0 747.291 4 3.9 19.9
0 747.316 41 3.9 19.9
0 747.542 4 3.9 19.9
0 747.562 49 3.9 19.9
0 747.729 6 3.9 19.9
0 747.772 23 3.9 19.9
0 747.876 10 3.9 19.9
0 748.186 3 3.9 19.9
0 748.212 39 3.9 19.9
0 748.318 9 3.9 19.9
0 748.424 9 3.9 19.9
0 748.516 11 3.9 19.9
0 748.68 6 3.9 19.9
0 748.72 25 3.9 19.9
0 748.815 11 3.9 19.9
0 749.027 5 3.9 19.9
0 749.049 45 3.9 19.9
0 749.158 9 3.9 19.9
0 749.422 4 3.9 19.9
0 749.568 7 3.9 19.9
0 749.603 28 3.9 19.9
0 749.758 6 3.9 19.9
0 749.796 26 3.9 19.9
0 749.894 10 3.9 19.9
0 750.213 3 3.9 19.9
0 750.242 35 3.9 19.9
0 750.345 10 3.9 19.9
0 750.444 10 3.9 19.9
0 750.538 11 3.9 19.9
0 750.75 5 3.9 19.9
0 750.779 33 3.9 19.9
0 750.881 10 3.9 19.9
0 750.985 10 3.9 19.9
0 751.094 9 3.9 19.9
0 751.174 13 3.9 19.9
0 751.392 5 3.9 19.9
0 751.408 62 3.9 19.9
0 751.637 4 3.9 19.9
0 751.657 49 3.9 19.9
0 751.812 6 3.9 19.9
0 751.862 20 3.9 19.9
0 751.983 8 3.9 19.9
0 752.372 3 3.9 19.9
0 752.389 60 3.9 19.9
0 752.51 8 3.9 19.9
0 752.597 11 3.9 19.9
0 752.804 5 3.9 19.9
0 752.825 48 3.9 19.9
0 752.933 9 3.9 19.9
0 753.041 9 3.9 19.9
0 753.129 11 3.9 19.9
0 753.233 10 3.9 19.9
0 753.44 5 3.9 19.9
0 753.468 37 3.9 19.9
0 753.695 4 3.9 19.9
0 753.719 42 3.9 19.9
0 753.882 6 3.9 19.9
0 753.923 24 3.9 19.9
0 754.023 10 3.9 19.9
0 754.329 3 3.9 19.9
0 754.352 45 3.9 19.9
0 754.455 10 3.9 19.9
0 754.555 10 3.9 19.9
0 754.655 10 3.9 19.9
0 754.874 5 3.9 19.9
0 754.892 55 3.9 19.9
0 754.999 9 3.9 19.9
0 755.099 10 3.9 19.9
0 755.199 10 3.9 19.9
0 755.308 9 3.9 19.9
0 755.512 5 3.9 19.9
0 755.532 50 3.9 19.9
0 755.757 4 3.9 19.9
0 755.78 43 3.9 19.9
0 755.948 6 3.9 19.9
0 755.989 24 3.9 19.9
0 756.095 9 3.9 19.9
0 756.396 3 3.9 19.9
0 756.418 45 3.9 19.9
0 756.526 9 3.9 19.9
0 756.634 9 3.9 19.9
0 756.728 11 3.9 19.9
0 756.929 5 3.9 19.9
0 756.95 47 3.9 19.9
0 757.059 9 4.0 19.9
0 757.162 10 4.0 19.9
0 757.255 11 4.0 19.9
0 757.38 8 4.0 19.9
0 757.559 6 4.0 19.9
0 757.578 52 4.0 19.9
0 757.855 4 4.0 19.9
0 757.881 38 4.0 19.9
0 758.039 6 4.0 19.9
0 758.08 24 4.0 19.9
0 758.183 10 4.0 19.9
0 758.289 9 4.0 19.9
0 758.493 5 4.0 19.9
0 758.513 49 4.0 19.9
0 758.62 9 4.0 19.9
0 758.718 10 4.0 19.9
0 758.825 9 4.0 19.9
0 759.034 5 4.0 19.9
0 759.055 49 4.0 19.9
0 759.166 9 4.0 19.9
0 759.259 11 4.0 19.9
0 759.363 10 4.0 19.9
0 759.576 5 4.0 19.9
0 759.597 48 4.0 19.9
0 759.872 4 4.0 19.9
0 759.961 11 4.0 19.9
0 760.053 11 4.0 19.9
0 760.096 23 4.0 19.9
0 760.195 10 4.0 19.9
0 760.303 9 4.0 19.9
0 760.578 4 4.0 19.9
0 760.59 88 4.0 19.9
0 760.704 9 4.0 19.9
0 760.8 10 4.0 19.9
0 760.905 10 4.0 19.9
0 761.116 5 4.0 19.9
0 761.139 43 4.0 19.9
0 761.249 9 4.0 19.9
0 761.343 11 4.0 19.9
0 761.44 10 4.0 19.9
0 761.648 5 4.0 19.9
0 761.667 52 4.0 19.9
0 761.936 4 4.0 19.9
0 761.962 39 4.0 19.9
0 762.123 6 4.0 19.9
0 762.164 24 4.0 19.9
0 762.257 11 4.0 19.9
0 762.41 7 4.0 19.9
0 762.465 18 4.0 19.9
0 762.565 10 4.0 19.9
0 762.663 10 4.0 19.9
0 762.76 10 4.0 19.9
0 762.862 10 4.0 19.9
0 762.967 9 4.0 19.9
0 763.163 5 4.0 19.9
0 763.18 59 4.0 19.9
0 763.29 9 4.0 19.9
0 763.547 4 4.0 19.9
0 763.681 7 4.0 19.9
0 763.701 51 4.0 19.9
0 763.976 4 4.0 19.9
0 763.997 47 4.0 19.9
0 764.21 5 4.0 19.9
0 764.231 47 4.0 19.9
0 764.338 9 4.0 19.9
0 764.434 10 4.0 19.9
0 764.54 9 4.0 19.9
0 764.627 12 4.0 19.9
0 764.751 8 4.0 19.9
0 764.836 12 4.0 19.9
0 765.003 6 4.0 19.9
0 765.031 35 4.0 19.9
0 765.26 4 4.0 19.9
0 765.281 46 4.0 19.9
0 765.383 10 4.0 19.9
0 765.48 10 4.0 19.9
0 765.821 3 4.0 19.9
0 766.015 5 4.0 19.9
0 766.034 53 4.0 19.9
0 766.25 5 4.0 19.9
0 766.277 36 4.0 19.9
0 766.382 10 4.0 19.9
0 766.474 11 4.0 19.9
0 766.576 10 4.0 19.9
0 766.671 11 4.0 19.9
0 766.777 9 4.0 19.9
0 766.873 10 4.0 19.9
0 766.979 9 4.0 19.9
0 767.077 10 4.0 19.8
0 767.174 10 4.0 19.8
0 767.279 10 4.0 19.8
0 767.375 10 4.0 19.8
0 767.51 7 4.0 19.8
0 767.573 16 4.0 19.8
0 767.842 4 4.0 19.8
0 768.024 6 4.0 19.8
0 768.043 52 4.0 19.8
0 768.254 5 4.0 19.8
0 768.273 51 4.0 19.8
0 768.384 9 4.0 19.8
0 768.476 11 4.0 19.8
0 768.581 9 4.0 19.8
0 768.677 10 4.0 19.8
0 768.846 6 4.0 19.8
0 768.893 21 4.0 19.8
0 768.979 12 4.0 19.8
0 769.083 10 4.0 19.8
0 769.18 10 4.0 19.8
0 769.275 11 4.0 19.8
0 769.379 10 4.0 19.8
0 769.486 9 4.0 19.8
0 769.638 7 4.0 19.8
0 769.784 7 4.0 19.8
0 769.865 12 4.0 19.8
0 770.151 3 4.0 19.8
0 770.284 8 4.0 19.8
0 770.309 40 4.0 19.8
0 770.41 10 4.0 19.8
0 770.509 10 4.0 19.8
0 770.613 10 4.0 19.8
0 770.717 10 4.0 19.8
0 770.809 11 4.0 19.8
0 770.963 7 4.0 19.8
0 771.008 22 4.0 19.8
0 771.115 9 4.0 19.8
0 771.209 11 4.0 19.8
0 771.328 8 4.0 19.8
0 771.41 12 4.0 19.8
0 771.512 10 4.0 19.8
0 771.618 9 4.0 19.8
0 771.941 3 4.0 19.8
0 772.029 11 4.0 19.8
0 772.17 7 4.0 19.8
0 772.255 12 4.0 19.8
0 772.292 27 4.0 19.8
0 772.42 8 4.0 19.8
0 772.523 10 4.0 19.8
0 772.592 15 4.0 19.8
0 772.691 10 4.0 19.8
0 772.794 10 4.0 19.8
0 772.896 10 4.0 19.8
0 773.053 6 4.0 19.8
0 773.091 26 4.0 19.8
0 773.195 10 4.0 19.8
0 773.295 10 4.0 19.8
0 773.396 10 4.0 19.8
0 773.493 10 4.0 19.8
0 773.592 10 4.0 19.8
0 773.698 9 4.0 19.8
0 774.03 3 4.0 19.8
0 774.118 11 4.0 19.8
0 774.152 29 4.0 19.8
0 774.362 5 4.0 19.8
0 774.382 50 4.0 19.8
0 774.499 9 4.0 19.8
0 774.586 11 4.0 19.8
0 774.692 9 4.0 19.8
0 774.853 6 4.0 19.8
0 774.877 41 4.0 19.8
0 775.071 5 4.0 19.8
0 775.147 13 4.0 19.8
0 775.198 19 4.0 19.8
0 775.295 10 4.0 19.8
0 775.459 6 4.0 19.8
0 775.499 25 4.0 19.8
0 775.595 10 4.0 19.8
0 775.702 9 4.0 19.8
0 775.901 5 4.0 19.8
0 776.041 7 4.0 19.8
0 776.14 10 4.0 19.8
0 776.166 39 4.0 19.8
0 776.376 5 4.0 19.8
0 776.399 43 4.0 19.8
0 776.507 9 4.0 19.8
0 776.6 11 4.0 19.8
0 776.705 10 4.0 19.8
0 776.803 10 4.0 19.8
0 776.957 6 4.0 19.8
0 777.0 23 4.0 19.8
0 777.237 4 4.1 19.9
0 777.25 78 4.1 19.9
0 777.362 9 4.1 19.9
0 777.524 6 4.1 19.9
0 777.561 27 4.1 19.9
0 777.661 10 4.1 19.9
0 777.77 9 4.1 19.9
0 778.13 3 4.1 19.9
0 778.219 11 4.1 19.9
0 778.255 27 4.1 19.9
0 778.358 10 4.1 19.9
0 778.454 10 4.1 19.9
0 778.555 10 4.1 19.9
0 778.66 9 4.1 19.9
0 778.755 11 4.1 19.9
0 778.866 9 4.1 19.9
0 779.017 7 4.1 19.9
0 779.142 8 4.1 19.9
0 779.228 12 4.1 19.9
0 779.265 27 4.1 19.9
0 779.375 9 4.1 19.9
0 779.532 6 4.1 19.9
0 779.566 30 4.1 19.9
0 779.667 10 4.1 19.9
0 779.768 10 4.1 19.9
0 780.232 2 4.1 19.9
0 780.326 11 4.1 19.9
0 780.353 37 4.1 19.9
0 780.46 9 4.1 19.9
0 780.557 10 4.1 19.9
0 780.658 10 4.1 19.9
0 780.759 10 4.1 19.9
0 780.86 10 4.1 19.9
0 781.015 6 4.1 19.9
0 781.06 22 4.1 19.9
0 781.22 6 4.1 19.9
0 781.258 27 4.1 19.9
0 781.365 9 4.1 19.9
0 781.464 10 4.1 19.9
0 781.614 7 4.1 19.9
0 781.664 20 4.1 19.9
0 781.761 10 4.1 19.9
0 781.854 11 4.1 19.9
0 782.374 2 4.1 19.9
0 782.468 11 4.1 19.9
0 782.495 37 4.1 19.9
0 782.624 8 4.1 19.9
0 782.703 13 4.1 19.9
0 782.8 10 4.1 19.9
0 782.905 10 4.1 19.9
0 783.059 6 4.1 19.9
0 783.097 26 4.1 19.9
0 783.255 6 4.1 19.9
0 783.294 26 4.1 19.9
0 783.407 9 4.1 19.9
0 783.495 11 4.1 19.9
0 783.658 6 4.1 19.9
0 783.702 23 4.1 19.9
0 783.8 10 4.1 19.9
0 783.9 10 4.1 19.9
0 784.213 3 4.1 19.9
0 784.226 73 4.1 19.9
0 784.447 5 4.1 19.9
0 784.532 12 4.1 19.9
0 784.57 27 4.1 19.9
0 784.677 9 4.1 19.9
0 784.782 10 4.1 19.9
0 784.872 11 4.1 19.9
0 784.967 11 4.1 19.9
0 785.124 6 4.1 19.9
0 785.28 6 4.1 19.9
0 785.359 13 4.1 19.9
0 785.406 21 4.1 19.9
0 785.507 10 4.1 19.9
0 785.666 6 4.1 19.9
0 785.709 23 4.1 19.9
0 785.814 10 4.1 19.9
0 785.91 10 4.1 19.9
0 786.215 3 4.1 19.9
0 786.232 58 4.1 19.9
0 786.456 4 4.1 19.9
0 786.542 12 4.1 19.9
0 786.583 24 4.1 19.9
0 786.683 10 4.1 19.9
0 786.779 10 4.1 19.9
0 786.883 10 4.1 19.9
0 786.978 10 4.1 19.9
0 787.142 6 4.1 19.9
0 787.268 8 3.8 19.8
0 787.278 104 3.8 19.8
0 787.515 4 3.8 19.8
0 787.534 53 3.8 19.8
0 787.756 5 3.8 19.8
0 787.768 82 3.8 19.8
0 787.887 8 3.8 19.8
0 787.982 11 3.8 19.8
0 788.299 3 3.8 19.8
0 788.32 47 3.8 19.8
0 788.533 5 3.8 19.8
0 788.624 11 3.8 19.8
0 788.657 30 3.8 19.8
0 788.761 10 3.8 19.8
0 788.87 9 3.8 19.8
0 788.957 12 3.8 19.8
0 789.055 10 3.8 19.8
0 789.22 6 3.8 19.8
0 789.263 23 3.8 19.8
0 789.361 10 3.8 19.8
0 789.576 5 3.8 19.8
0 789.595 53 3.8 19.8
0 789.767 6 3.8 19.8
0 789.805 26 3.8 19.8
0 789.903 10 3.8 19.8
0 790.005 10 3.8 19.8
0 790.177 6 3.8 19.8
0 790.405 4 3.8 19.8
0 790.412 134 3.8 19.8
0 790.64 4 3.8 19.8
0 790.786 7 3.8 19.8
0 790.806 51 3.8 19.8
0 790.914 9 3.8 19.8
0 791.006 11 3.8 19.8
0 791.11 10 3.8 19.8
0 791.268 6 3.8 19.8
0 791.435 6 3.8 19.8
0 791.447 83 3.8 19.8
0 791.671 4 3.8 19.8
0 791.69 52 3.8 19.8
0 791.858 6 3.8 19.8
0 791.899 25 3.8 19.8
0 792.009 9 3.8 19.8
0 792.096 12 3.8 19.8
0 792.346 4 3.8 19.8
0 792.352 160 3.8 19.8
0 792.472 8 3.8 19.8
0 792.681 5 3.8 19.8
0 792.874 5 3.8 19.8
0 792.885 93 3.8 19.8
0 793.002 9 3.8 19.8
0 793.107 10 3.8 19.8
0 793.203 10 3.8 19.8
0 793.357 6 3.8 19.8
0 793.401 23 3.8 19.8
0 793.497 10 3.8 19.8
0 793.716 5 3.8 19.8
0 793.734 55 3.8 19.8
0 793.855 8 3.8 19.8
0 793.94 12 3.8 19.8
0 794.043 10 3.8 19.8
0 794.135 11 3.8 19.8
0 794.317 5 3.8 19.8
0 794.332 67 3.8 19.8
0 794.451 8 3.8 19.8
0 794.541 11 3.8 19.8
0 794.757 5 3.8 19.8
0 794.894 7 3.8 19.8
0 794.916 47 3.8 19.8
0 795.029 9 3.8 19.8
0 795.121 11 3.8 19.8
0 795.217 10 3.8 19.8
0 795.487 4 3.8 19.8
0 795.506 52 3.8 19.8
0 795.715 5 3.8 19.8
0 795.73 67 3.8 19.8
0 795.841 9 3.8 19.8
0 796.063 5 3.8 19.8
0 796.089 39 3.8 19.8
0 796.189 10 3.8 19.8
0 796.484 3 3.8 19.8
0 796.494 106 3.8 19.8
0 796.619 8 3.8 19.8
0 796.717 10 3.8 19.8
0 796.911 5 3.8 19.8
0 796.927 61 3.8 19.8
0 797.04 9 3.8 19.8
0 797.143 10 3.8 19.8
0 797.236 11 3.8 19.8
0 797.444 5 4.0 19.8
0 797.517 14 4.0 19.8
0 797.57 19 4.0 19.8
0 797.773 5 4.0 19.8
0 797.79 59 4.0 19.8
0 797.928 7 4.0 19.8
0 798.099 6 4.0 19.8
0 798.121 46 4.0 19.8
0 798.228 9 4.0 19.8
0 798.435 5 4.0 19.8
0 798.451 62 4.0 19.8
0 798.561 9 4.0 19.8
0 798.656 10 4.0 19.8
0 798.756 10 4.0 19.8
0 798.965 5 4.0 19.8
0 798.981 62 4.0 19.8
0 799.087 10 4.0 19.8
0 799.192 9 4.0 19.8
0 799.289 10 4.0 19.8
0 799.67 3 4.0 19.8
0 799.677 136 4.0 19.8
0 799.798 8 4.0 19.8
0 799.892 11 4.0 19.8
0 799.989 10 4.0 19.8
0 800.202 5 4.0 19.8
0 800.22 57 4.0 19.8
0 800.538 3 4.0 19.8
0 800.545 156 4.0 19.8
0 800.664 8 4.0 19.8
0 800.763 10 4.0 19.8
0 800.968 5 4.0 19.8
0 800.987 54 4.0 19.8
0 801.095 9 4.0 19.8
0 801.19 11 4.0 19.8
0 801.296 9 4.0 19.8
0 801.493 5 4.0 19.8
0 801.515 46 4.0 19.8
0 801.624 9 4.0 19.8
0 801.719 11 4.0 19.8
0 801.825 9 4.0 19.8
0 801.914 11 4.0 19.8
0 802.016 10 4.0 19.8
0 802.18 6 4.0 19.8
0 802.219 25 4.0 19.8
0 802.322 10 4.0 19.8
0 802.615 3 4.0 19.8
0 802.622 146 4.0 19.8
0 802.74 8 4.0 19.8
0 802.839 10 4.0 19.8
0 803.112 4 4.0 19.8
0 803.129 57 4.0 19.8
0 803.227 10 4.0 19.8
0 803.339 9 4.0 19.8
0 803.433 11 4.0 19.8
0 803.644 5 4.0 19.8
0 803.661 62 4.0 19.8
0 803.771 9 4.0 19.8
0 803.873 10 4.0 19.8
0 803.971 10 4.0 19.8
0 804.067 10 4.0 19.8
0 804.231 6 4.0 19.8
0 804.266 28 4.0 19.8
0 804.374 9 4.0 19.8
0 804.768 3 4.0 19.8
0 804.776 132 4.0 19.8
0 804.9 8 4.0 19.8
0 805.094 5 4.0 19.8
0 805.107 77 4.0 19.8
0 805.213 9 4.0 19.8
0 805.314 10 4.0 19.8
0 805.416 10 4.0 19.8
0 805.715 3 4.0 19.8
0 805.731 61 4.0 19.8
0 805.84 9 4.0 19.8
0 805.946 9 4.0 19.8
0 806.036 11 4.0 19.8
0 806.13 11 4.0 19.8
0 806.291 6 4.0 19.8
0 806.332 24 4.0 19.8
0 806.53 5 4.0 19.8
0 806.66 8 4.0 19.8
0 806.673 76 4.0 19.8
0 806.9 4 4.0 19.8
0 806.906 159 4.0 19.8
0 807.021 9 4.0 19.8
0 807.123 10 4.0 19.8
0 807.22 10 4.0 19.8
0 807.32 10 4.0 19.8
0 807.42 10 4.0 19.8
0 807.517 10 4.0 19.9
0 807.781 4 4.0 19.9
0 807.787 183 4.0 19.9
0 807.9 9 4.0 19.9
0 807.999 10 4.0 19.9
0 808.098 10 4.0 19.9
0 808.207 9 4.0 19.9
0 808.359 7 4.0 19.9
0 808.398 26 4.0 19.9
0 808.495 10 4.0 19.9
0 808.72 4 4.0 19.9
0 808.738 58 4.0 19.9
0 808.839 10 4.0 19.9
0 808.941 10 4.0 19.9
0 809.037 10 4.0 19.9
0 809.136 10 4.0 19.9
0 809.243 9 4.0 19.9
0 809.338 11 4.0 19.9
0 809.436 10 4.0 19.9
0 809.54 10 4.0 19.9
0 809.898 3 4.0 19.9
0 809.905 145 4.0 19.9
0 810.018 9 4.0 19.9
0 810.12 10 4.0 19.9
0 810.211 11 4.0 19.9
0 810.443 4 4.0 19.9
0 810.449 152 4.0 19.9
0 810.671 5 4.0 19.9
0 810.799 8 4.0 19.9
0 810.814 68 4.0 19.9
0 810.924 9 4.0 19.9
0 811.02 10 4.0 19.9
0 811.12 10 4.0 19.9
0 811.221 10 4.0 19.9
0 811.316 11 4.0 19.9
0 811.416 10 4.0 19.9
0 811.635 5 4.0 19.9
0 811.646 90 4.0 19.9
0 811.817 6 4.0 19.9
0 811.852 29 4.0 19.9
0 811.952 10 4.0 19.9
0 812.053 10 4.0 19.9
0 812.16 9 4.0 19.9
0 812.253 11 4.0 19.9
0 812.418 6 4.0 19.9
0 812.507 11 4.0 19.9
0 812.551 23 4.0 19.9
0 812.652 10 4.0 19.9
0 812.959 3 4.0 19.9
0 812.964 184 4.0 19.9
0 813.078 9 4.0 19.9
0 813.231 7 4.0 19.9
0 813.276 22 4.0 19.9
0 813.393 9 4.0 19.9
0 813.479 12 4.0 19.9
0 813.577 10 4.0 19.9
0 813.675 10 4.0 19.9
0 813.833 6 4.0 19.9
0 813.875 24 4.0 19.9
0 813.989 9 4.0 19.9
0 814.076 12 4.0 19.9
0 814.179 10 4.0 19.9
0 814.277 10 4.0 19.9
0 814.441 6 4.0 19.9
0 814.549 9 4.0 19.9
0 814.581 32 4.0 19.9
0 814.79 5 4.0 19.9
0 814.984 5 4.0 19.9
0 814.996 88 4.0 19.9
0 815.107 9 4.0 19.9
0 815.201 11 4.0 19.9
0 815.301 10 4.0 19.9
0 815.408 9 4.0 19.9
0 815.515 9 4.0 19.9
0 815.71 5 4.0 19.9
0 815.717 153 4.0 19.9
0 815.891 6 4.0 19.9
0 815.927 28 4.0 19.9
0 816.045 8 4.0 19.9
0 816.128 12 4.0 19.9
0 816.236 9 4.0 19.9
0 816.33 11 4.0 19.9
0 816.55 5 4.0 19.9
0 816.688 7 4.0 19.9
0 816.694 153 4.0 19.9
0 816.915 5 4.0 19.9
0 816.938 44 4.0 19.9
0 817.039 10 4.0 19.9
0 817.138 10 4.0 19.9
0 817.239 10 4.0 19.9
0 817.334 11 4.0 19.9
0 817.442 9 4.0 19.9
0 817.536 11 4.0 19.9
0 817.634 10 4.0 19.9
0 817.741 9 4.0 19.9
0 818.047 3 4.0 19.9
0 818.053 177 4.0 19.9
0 818.17 9 4.0 19.9
0 818.324 6 4.0 19.9
0 818.364 25 4.0 19.9
0 818.593 4 4.0 19.9
0 818.609 63 4.0 19.9
0 818.715 9 4.0 19.9
0 818.926 5 4.0 19.9
0 818.94 74 4.0 19.9
0 819.048 9 4.0 19.9
0 819.15 10 4.0 19.9
0 819.251 10 4.0 19.9
0 819.346 11 4.0 19.9
0 819.454 9 4.0 19.9
0 819.546 11 4.0 19.9
0 819.651 9 4.0 19.9
0 820.041 3 4.0 19.9
0 820.052 97 4.0 19.9
0 820.167 9 4.0 19.9
0 820.264 10 4.0 19.9
0 820.363 10 4.0 19.9
0 820.64 4 4.0 19.9
0 820.776 7 4.0 19.9
0 820.782 165 4.0 19.9
0 820.998 5 4.0 19.9
0 821.012 68 4.0 19.9
0 821.118 9 4.0 19.9
0 821.225 9 4.0 19.9
0 821.327 10 4.0 19.9
0 821.419 11 4.0 19.9
0 821.519 10 4.0 19.9
0 821.721 5 4.0 19.9
0 821.729 141 4.0 19.9
0 821.848 8 4.0 19.9
0 822.043 5 4.0 19.9
0 822.063 49 4.0 19.9
0 822.164 10 4.0 19.9
0 822.269 10 4.0 19.9
0 822.372 10 4.0 19.9
0 822.47 10 4.0 19.9
0 822.739 4 4.0 19.9
0 822.761 45 4.0 19.9
0 822.881 8 4.0 19.9
0 823.135 4 4.0 19.9
0 823.145 103 4.0 19.9
0 823.259 9 4.0 19.9
0 823.384 8 4.0 19.9
0 823.466 12 4.0 19.9
0 823.556 11 4.0 19.9
0 823.658 10 4.0 19.9
0 823.756 10 4.0 19.9
0 823.856 10 4.0 19.9
0 824.064 5 4.0 19.9
0 824.086 45 4.0 19.9
0 824.188 10 4.0 19.9
0 824.284 10 4.0 19.9
0 824.389 10 4.0 19.9
0 824.488 10 4.0 19.9
0 824.821 3 4.0 19.9
0 824.925 10 4.0 19.9
0 824.932 155 4.0 19.9
0 825.299 3 4.0 19.9
0 825.306 131 4.0 19.9
0 825.427 8 4.0 19.9
0 825.517 11 4.0 19.9
0 825.62 10 4.0 19.9
0 825.886 4 4.0 19.9
0 825.894 126 4.0 19.9
0 826.126 4 4.0 19.9
0 826.145 53 4.0 19.9
0 826.252 9 4.0 19.9
0 826.34 11 4.0 19.9
0 826.452 9 4.0 19.9
0 826.549 10 4.0 19.9
0 826.967 2 4.0 19.9
0 826.989 45 4.0 19.9
0 827.195 5 4.0 19.9
0 827.215 51 4.0 19.9
0 827.327 9 4.0 19.9
0 827.413 12 4.0 19.9
0 827.53 9 4.0 19.9
0 827.621 11 4.4 19.9
0 827.72 10 4.4 19.9
0 827.819 10 4.4 19.9
0 827.919 10 4.4 19.9
0 828.202 4 4.4 19.9
0 828.216 71 4.4 19.9
0 828.333 9 4.4 19.9
0 828.497 6 4.4 19.9
0 828.521 42 4.4 19.9
0 828.632 9 4.4 19.9
0 828.794 6 4.4 19.9
0 828.982 5 4.4 19.9
0 829.002 50 4.4 19.9
0 829.168 6 4.4 19.9
0 829.196 35 4.4 19.9
0 829.305 9 4.4 19.9
0 829.403 10 4.4 19.9
0 829.502 10 4.4 19.9
0 829.611 9 4.4 19.9
0 829.711 10 4.4 19.9
0 829.807 10 4.4 19.9
0 829.993 5 4.4 19.9
0 829.998 176 4.4 19.9
0 830.378 3 4.4 19.9
0 830.386 125 4.4 19.9
0 830.495 9 4.4 19.9
0 830.6 10 4.4 19.9
0 830.696 10 4.4 19.9
0 831.133 2 4.4 19.9
0 831.232 10 4.4 19.9
0 831.256 41 4.4 19.9
0 831.353 10 4.4 19.9
0 831.457 10 4.4 19.9
0 831.559 10 4.4 19.9
0 831.664 10 4.4 19.9
0 831.869 5 4.4 19.9
0 831.875 169 4.4 19.9
0 831.994 8 4.4 19.9
0 832.095 10 4.4 19.9
0 832.308 5 4.4 19.9
0 832.324 64 4.4 19.9
0 832.43 9 4.4 19.9
0 832.529 10 4.4 19.9
0 832.635 9 4.4 19.9
0 832.729 11 4.4 19.9
0 832.947 5 4.4 19.9
0 832.962 65 4.4 19.9
0 833.405 2 4.4 19.9
0 833.525 8 4.4 19.9
0 833.531 152 4.4 19.9
0 833.648 9 4.4 19.9
0 833.744 10 4.4 19.9
0 833.849 10 4.4 19.9
0 833.949 10 4.4 19.9
0 834.062 9 4.4 19.9
0 834.148 12 4.4 19.9
0 834.244 10 4.4 19.9
0 834.348 10 4.4 19.9
0 834.453 10 4.4 19.9
0 834.544 11 4.4 19.9
0 834.655 9 4.4 19.9
0 834.741 12 4.4 19.9
0 835.415 1 4.4 19.9
0 835.541 8 4.4 19.9
0 835.557 64 4.4 19.9
0 835.664 9 4.4 19.9
0 835.764 10 4.4 19.9
0 835.967 5 4.4 19.9
0 835.975 125 4.4 19.9
0 836.097 8 4.4 19.9
0 836.191 11 4.4 19.9
0 836.391 5 4.4 19.9
0 836.397 161 4.4 19.9
0 836.521 8 4.4 19.9
0 836.623 10 4.4 19.9
0 836.713 11 4.4 19.9
0 836.926 5 4.4 19.9
0 837.051 8 4.4 19.9
0 837.07 54 4.4 19.9
0 837.353 4 4.4 19.9
0 837.375 45 4.4 19.9
0 837.579 5 4.4 19.9
0 837.595 64 4.4 19.9
0 837.712 9 4.3 19.9
0 837.807 11 4.3 19.9
0 837.909 10 4.3 19.9
0 838.011 10 4.3 19.9
0 838.11 10 4.3 19.9
0 838.203 11 4.3 19.9
0 838.449 4 4.3 19.9
0 838.456 140 4.3 19.9
0 838.603 7 4.3 19.9
0 838.677 13 4.3 19.9
0 838.769 11 4.3 19.9
0 838.877 9 4.3 19.9
0 839.031 6 4.3 19.9
0 839.073 24 4.3 19.9
0 839.174 10 4.3 19.9
0 839.483 3 4.3 19.9
0 839.613 8 4.3 19.9
0 839.627 69 4.3 19.9
0 839.738 9 4.3 19.9
0 839.841 10 4.3 19.9
0 839.933 11 4.3 19.9
0 840.153 5 4.3 19.9
0 840.166 79 4.3 19.9
0 840.278 9 4.3 19.9
0 840.479 5 4.3 19.9
0 840.486 140 4.3 19.9
0 840.6 9 4.3 19.9
0 840.711 9 4.3 19.9
0 840.803 11 4.3 19.9
0 841.007 5 4.3 19.9
0 841.13 8 4.3 19.9
0 841.146 61 4.3 19.9
0 841.559 2 4.3 19.9
0 841.68 8 4.3 19.9
0 841.695 69 4.3 19.9
0 841.805 9 4.3 19.9
0 842.009 5 4.3 19.9
0 842.031 46 4.3 19.9
0 842.161 8 4.3 19.9
0 842.257 10 4.3 19.9
0 842.367 9 4.3 19.9
0 842.455 11 4.3 19.9
0 842.554 10 4.3 19.9
0 842.651 10 4.3 19.9
0 842.754 10 4.3 19.9
0 842.856 10 4.3 19.9
0 842.96 10 4.3 19.9
0 843.158 5 4.3 19.9
0 843.182 41 4.3 19.9
0 843.306 8 4.3 19.9
0 843.828 2 4.3 19.9
0 843.995 6 4.3 19.9
0 844.035 25 4.3 19.9
0 844.138 10 4.3 19.9
0 844.247 9 4.3 19.9
0 844.351 10 4.3 19.9
0 844.449 10 4.3 19.9
0 844.545 10 4.3 19.9
0 844.639 11 4.3 19.9
0 844.739 10 4.3 19.9
0 844.842 10 4.3 19.9
0 844.94 10 4.3 19.9
0 845.038 10 4.3 19.9
0 845.252 5 4.3 19.9
0 845.291 25 4.3 19.9
0 845.531 4 4.3 19.9
0 845.723 5 4.3 19.9
0 845.77 21 4.3 19.9
0 845.869 10 4.3 19.9
0 846.202 3 4.3 19.9
0 846.229 37 4.3 19.9
0 846.351 8 4.3 19.9
0 846.443 11 4.3 19.9
0 846.647 5 4.3 19.9
0 846.674 37 4.3 19.9
0 846.795 8 4.3 19.9
0 846.894 10 4.3 19.9
0 847.086 5 4.3 19.9
0 847.109 44 4.3 19.9
0 847.337 4 4.3 19.9
0 847.37 30 4.3 19.9
0 847.551 6 4.3 19.9
0 847.59 25 4.3 19.9
0 847.752 6 4.4 19.9
0 847.796 23 4.4 19.9
0 847.899 10 4.4 19.9
0 848.059 6 4.4 19.9
0 848.094 28 4.4 19.9
0 848.21 9 4.4 19.9
0 848.306 10 4.4 19.9
0 848.408 10 4.4 19.9
0 848.517 9 4.4 19.9
0 848.608 11 4.4 19.9
0 848.887 4 4.4 19.9
0 848.912 40 4.4 19.9
0 849.038 8 4.4 19.9
0 849.138 10 4.4 19.9
0 849.23 11 4.4 19.9
0 849.441 5 4.4 19.9
0 849.475 29 4.4 19.9
0 849.647 6 4.4 19.9
0 849.688 24 4.4 19.9
0 849.849 6 4.4 19.9
0 849.888 26 4.4 19.9
0 849.997 9 4.4 19.9
0 850.157 6 4.4 19.9
0 850.187 33 4.4 19.9
0 850.306 8 4.4 19.9
0 850.403 10 4.4 19.9
0 850.615 5 4.4 19.9
0 850.641 39 4.4 19.9
0 850.77 8 4.4 19.9
0 850.86 11 4.4 19.9
0 850.961 10 4.4 19.9
0 851.059 10 4.4 19.9
0 851.259 5 4.4 19.9
0 851.286 38 4.4 19.9
0 851.518 4 4.4 19.9
0 851.547 34 4.4 19.9
0 851.721 6 4.4 19.9
0 851.765 23 4.4 19.9
0 851.934 6 4.4 19.9
0 851.981 21 4.4 19.9
0 852.179 5 4.4 19.9
0 852.333 7 4.4 19.9
0 852.387 18 4.4 19.9
0 852.492 10 4.4 19.9
0 852.584 11 4.4 19.9
0 852.676 11 4.4 19.9
0 852.778 10 4.4 19.9
0 852.878 10 4.4 19.9
0 852.983 9 4.4 19.9
0 853.081 10 4.4 19.9
0 853.179 10 4.4 19.9
0 853.271 11 4.4 19.9
0 853.379 9 4.4 19.9
0 853.591 5 4.4 19.9
0 853.626 29 4.4 19.9
0 853.879 4 4.4 19.9
0 853.991 9 4.4 19.9
0 854.026 28 4.4 19.9
0 854.134 9 4.4 19.9
0 854.34 5 4.4 19.9
0 854.361 46 4.4 19.9
0 854.486 8 4.4 19.9
0 854.576 11 4.4 19.9
0 854.682 9 4.4 19.9
0 854.781 10 4.4 19.9
0 854.885 10 4.4 19.9
0 854.959 13 4.4 19.9
0 855.056 10 4.4 19.9
0 855.155 10 4.4 19.9
0 855.263 9 4.4 19.9
0 855.356 11 4.4 19.9
0 855.457 10 4.4 19.9
0 855.674 5 4.4 19.9
0 855.68 161 4.4 19.9
0 855.857 6 4.4 19.9
0 855.89 30 4.4 19.9
0 856.046 6 4.4 19.9
0 856.095 20 4.4 19.9
0 856.419 3 4.4 19.9
0 856.535 9 4.4 19.9
0 856.548 79 4.4 19.9
0 856.661 9 4.4 19.9
0 856.753 11 4.4 19.9
0 856.852 10 4.4 19.9
0 856.962 9 4.4 19.9
0 857.051 11 4.4 19.9
0 857.252 5 4.4 19.9
0 857.258 172 4.4 19.9
0 857.371 9 4.4 19.9
0 857.481 9 4.4 19.9
0 857.567 12 4.4 19.9
0 857.673 9 4.4 19.9
0 857.772 10 4.9 19.9
0 857.927 6 4.9 19.9
0 857.967 25 4.9 19.9
0 858.137 6 4.9 19.9
0 858.168 32 4.9 19.9
0 858.268 10 4.9 19.9
0 858.371 10 4.9 19.9
0 858.58 5 4.9 19.9
0 858.592 87 4.9 19.9
0 858.703 9 4.9 19.9
0 859.004 3 4.9 19.9
0 859.011 159 4.9 19.9
0 859.132 8 4.9 19.9
0 859.228 10 4.9 19.9
0 859.322 11 4.9 19.9
0 859.423 10 4.9 19.9
0 859.529 9 4.9 19.9
0 859.629 10 4.9 19.9
0 859.732 10 4.9 19.9
0 859.822 11 4.9 19.9
0 859.984 6 4.9 19.9
0 860.159 6 4.9 19.9
0 860.174 69 4.9 19.9
0 860.286 9 4.9 19.9
0 860.378 11 4.9 19.9
0 860.62 4 4.9 19.9
0 860.625 193 4.9 19.9
0 860.742 9 4.9 19.9
0 860.848 9 4.9 19.9
0 860.94 11 4.9 19.9
0 861.04 10 4.9 19.9
0 861.139 10 4.9 19.9
0 861.275 7 4.9 19.9
0 861.382 9 4.9 19.9
0 861.45 15 4.9 19.9
0 861.542 11 4.9 19.9
0 861.641 10 4.9 19.9
0 861.744 10 4.9 19.9
0 861.849 10 4.9 19.9
0 862.054 5 4.9 19.9
0 862.071 61 4.9 19.9
0 862.34 4 4.9 19.9
0 862.361 48 4.9 19.9
0 862.46 10 4.9 19.9
0 862.673 5 4.9 19.9
0 862.687 74 4.9 19.9
0 862.794 9 4.9 19.9
0 862.897 10 4.9 19.9
0 862.995 10 4.9 19.9
0 863.089 11 4.9 19.9
0 863.2 9 4.9 19.9
0 863.295 11 4.9 19.9
0 863.401 9 4.9 19.9
0 863.49 11 4.9 19.9
0 863.595 10 4.9 19.9
0 863.691 10 4.9 19.9
0 863.798 9 4.9 19.9
0 863.935 7 4.9 19.9
0 864.653 1 4.9 19.9
0 864.858 5 4.9 19.9
0 864.874 61 4.9 19.9
0 864.982 9 4.9 19.9
0 865.086 10 4.9 19.9
0 865.185 10 4.9 19.9
0 865.281 10 4.9 19.9
0 865.387 9 4.9 19.9
0 865.478 11 4.9 19.9
0 865.582 10 4.9 19.9
0 865.719 7 4.9 19.9
0 865.791 14 4.9 19.9
0 865.89 10 4.9 19.9
0 865.983 11 4.9 19.9
0 866.19 5 4.9 19.9
0 866.208 55 4.9 19.9
0 866.474 4 4.9 19.9
0 866.497 43 4.9 19.9
0 866.717 5 4.9 19.9
0 866.971 4 4.9 19.9
0 866.991 50 4.9 19.9
0 867.102 9 4.9 19.9
0 867.226 8 4.9 19.9
0 867.302 13 4.9 19.9
0 867.394 11 4.9 19.9
0 867.516 8 4.9 19.9
0 867.596 13 4.9 19.9
0 867.699 10 4.9 19.9
0 867.795 10 4.1 20.0
0 867.899 10 4.1 20.0
0 867.993 11 4.1 20.0
0 868.215 5 4.1 20.0
0 868.233 58 4.1 20.0
0 868.342 9 4.1 20.0
0 868.564 4 4.1 20.0
0 868.586 47 4.1 20.0
0 868.815 4 4.1 20.0
0 869.095 4 4.1 20.0
0 869.103 120 4.1 20.0
0 869.227 8 4.1 20.0
0 869.325 10 4.1 20.0
0 869.417 11 4.1 20.0
0 869.527 9 4.1 20.0
0 869.622 10 4.1 20.0
0 869.717 11 4.1 20.0
0 869.821 10 4.1 20.0
0 869.921 10 4.1 20.0
0 870.019 10 4.1 20.0
0 870.225 5 4.1 20.0
0 870.241 62 4.1 20.0
0 870.357 9 4.1 20.0
0 870.567 5 4.1 20.0
0 870.593 38 4.1 20.0
0 870.852 4 4.1 20.0
0 871.111 4 4.1 20.0
0 871.134 44 4.1 20.0
0 871.241 9 4.1 20.0
0 871.41 6 4.1 20.0
0 871.427 59 4.1 20.0
0 871.543 9 4.1 20.0
0 871.647 10 4.1 20.0
0 871.738 11 4.1 20.0
0 871.837 10 4.1 20.0
0 871.935 10 4.1 20.0
0 872.041 9 4.1 20.0
0 872.248 5 4.1 20.0
0 872.345 10 4.1 20.0
0 872.362 59 4.1 20.0
0 872.6 4 4.1 20.0
0 872.624 41 4.1 20.0
0 872.727 10 4.1 20.0
0 872.941 5 4.1 20.0
0 873.208 4 4.1 20.0
0 873.231 44 4.1 20.0
0 873.339 9 4.1 20.0
0 873.43 11 4.1 20.0
0 873.525 10 4.1 20.0
0 873.635 9 4.1 20.0
0 873.738 10 4.1 20.0
0 873.835 10 4.1 20.0
0 873.936 10 4.1 20.0
0 874.033 10 4.1 20.0
0 874.167 7 4.1 20.0
0 874.35 5 4.1 20.0
0 874.367 59 4.1 20.0
0 874.597 4 4.1 20.0
0 874.615 54 4.1 20.0
0 874.723 9 4.1 20.0
0 874.826 10 4.1 20.0
0 875.038 5 4.1 20.0
0 875.289 4 4.1 20.0
0 875.304 67 4.1 20.0
0 875.419 9 4.1 20.0
0 875.518 10 4.1 20.0
0 875.611 11 4.1 20.0
0 875.767 6 4.1 20.0
0 875.831 16 4.1 20.0
0 875.91 13 4.1 20.0
0 876.021 9 4.1 20.0
0 876.115 11 4.1 20.0
0 876.215 10 4.1 20.0
0 876.43 5 4.1 20.0
0 876.659 4 4.1 20.0
0 876.682 45 4.1 20.0
0 876.786 10 4.1 20.0
0 876.886 10 4.1 20.0
0 877.102 5 4.1 20.0
0 877.373 4 4.1 20.0
0 877.437 16 4.1 20.0
0 877.511 14 4.1 20.0
0 877.608 10 4.1 20.0
0 877.709 10 4.1 20.0
0 877.798 11 4.0 20.0
0 877.896 10 4.0 20.0
0 877.995 10 4.0 20.0
0 878.103 9 4.0 20.0
0 878.199 10 4.0 20.0
0 878.298 10 4.0 20.0
0 878.399 10 4.0 20.0
0 878.499 10 4.0 20.0
0 878.71 5 4.0 20.0
0 878.735 39 4.0 20.0
0 878.839 10 4.0 20.0
0 878.935 10 4.0 20.0
0 879.15 5 4.0 20.0
0 879.503 3 4.0 20.0
0 879.515 80 4.0 20.0
0 879.63 9 4.0 20.0
0 879.727 10 4.0 20.0
0 879.828 10 4.0 20.0
0 879.931 10 4.0 20.0
0 880.034 10 4.0 20.0
0 880.129 11 4.0 20.0
0 880.233 10 4.0 20.0
0 880.328 11 4.0 20.0
0 880.427 10 4.0 20.0
0 880.536 9 4.0 20.0
0 880.749 5 4.0 20.0
0 880.771 45 4.0 20.0
0 880.878 9 4.0 20.0
0 880.974 10 4.0 20.0
0 881.201 4 4.0 20.0
0 881.559 3 4.0 20.0
0 881.637 13 4.0 20.0
0 881.693 18 4.0 20.0
0 881.782 11 4.0 20.0
0 881.884 10 4.0 20.0
0 881.984 10 4.0 20.0
0 882.149 6 4.0 20.0
0 882.185 28 4.0 20.0
0 882.288 10 4.0 20.0
0 882.384 10 4.0 20.0
0 882.489 10 4.0 20.0
0 882.587 10 4.0 20.0
0 882.817 4 4.0 20.0
0 882.839 45 4.0 20.0
0 882.947 9 4.0 20.0
0 883.046 10 4.0 20.0
0 883.269 4 4.0 20.0
0 883.626 3 4.0 20.0
0 883.652 38 4.0 20.0
0 883.757 9 4.0 20.0
0 883.855 10 4.0 20.0
0 883.949 11 4.0 20.0
0 884.062 9 4.0 20.0
0 884.219 6 4.0 20.0
0 884.25 33 4.0 20.0
0 884.356 9 4.0 20.0
0 884.456 10 4.0 20.0
0 884.556 10 4.0 20.0
0 884.658 10 4.0 20.0
0 884.877 5 4.0 20.0
0 884.903 38 4.0 20.0
0 885.01 9 4.0 20.0
0 885.11 10 4.0 20.0
0 885.381 4 4.0 20.0
0 885.737 3 4.0 20.0
0 885.769 32 4.0 20.0
0 885.874 10 4.0 20.0
0 885.97 10 4.0 20.0
0 886.07 10 4.0 20.0
0 886.223 7 4.0 20.0
0 886.281 17 4.0 20.0
0 886.37 11 4.0 20.0
0 886.467 10 4.0 20.0
0 886.572 9 4.0 20.0
0 886.669 10 4.0 20.0
0 886.942 4 4.0 20.0
0 886.962 50 4.0 20.0
0 887.074 9 4.0 20.0
0 887.174 10 4.0 20.0
0 887.433 4 4.0 20.0
0 887.791 3 4.0 20.0
0 887.833 24 3.9 20.1
0 887.93 10 3.9 20.1
0 888.022 11 3.9 20.1
0 888.125 10 3.9 20.1
0 888.302 6 3.9 20.1
0 888.331 35 3.9 20.1
0 888.434 10 3.9 20.1
0 888.537 10 3.9 20.1
0 888.639 10 3.9 20.1
0 888.739 10 3.9 20.1
0 889.002 4 3.9 20.1
0 889.023 47 3.9 20.1
0 889.145 8 3.9 20.1
0 889.24 10 3.9 20.1
0 889.5 4 3.9 20.1
0 889.864 3 3.9 20.1
0 889.891 37 3.9 20.1
0 889.998 9 3.9 20.1
0 890.097 10 3.9 20.1
0 890.183 12 3.9 20.1
0 890.418 4 3.9 20.1
0 890.447 35 3.9 20.1
0 890.552 10 3.9 20.1
0 890.651 10 3.9 20.1
0 890.753 10 3.9 20.1
0 891.019 4 3.9 20.1
0 891.05 32 3.9 20.1
0 891.156 9 3.9 20.1
0 891.252 10 3.9 20.1
0 891.427 6 3.9 20.1
0 891.503 13 3.9 20.1
0 891.913 2 3.9 20.1
0 891.969 18 3.9 20.1
0 892.07 10 3.9 20.1
0 892.167 10 3.9 20.1
0 892.264 10 3.9 20.1
0 892.479 5 3.9 20.1
0 892.525 22 3.9 20.1
0 892.635 9 3.9 20.1
0 892.782 7 3.9 20.1
0 892.811 35 3.9 20.1
0 893.113 3 3.9 20.1
0 893.164 20 3.9 20.1
0 893.274 9 3.9 20.1
0 893.365 11 3.9 20.1
0 893.684 3 3.9 20.1
0 893.961 4 3.9 20.1
0 894.021 17 3.9 20.1
0 894.112 11 3.9 20.1
0 894.209 10 3.9 20.1
0 894.31 10 3.9 20.1
0 894.541 4 3.9 20.1
0 894.579 27 3.9 20.1
0 894.697 8 3.9 20.1
0 894.87 6 3.9 20.1
0 894.932 16 3.9 20.1
0 895.205 4 3.9 20.1
0 895.263 17 3.9 20.1
0 895.363 10 3.9 20.1
0 895.46 10 3.9 20.1
0 895.794 3 3.9 20.1
0 896.064 4 3.9 20.1
0 896.107 23 3.9 20.1
0 896.221 9 3.9 20.1
0 896.402 6 3.9 20.1
0 896.554 7 3.9 20.1
0 896.598 23 3.9 20.1
0 896.711 9 3.9 20.1
0 896.817 9 3.9 20.1
0 896.902 12 3.9 20.1
0 897.007 9 3.9 20.1
0 897.317 3 3.9 20.1
0 897.37 19 3.9 20.1
0 897.464 11 3.9 20.1
0 897.85 3 4.9 20.4
0 897.988 7 4.9 20.4
0 898.001 74 4.9 20.4
0 898.121 8 4.9 20.4
0 898.225 10 4.9 20.4
0 898.32 11 4.9 20.4
0 898.422 10 4.9 20.4
0 898.635 5 4.9 20.4
0 898.661 39 4.9 20.4
0 898.765 10 4.9 20.4
0 898.925 6 4.9 20.4
0 898.961 28 4.9 20.4
0 899.066 10 4.9 20.4
0 899.381 3 4.9 20.4
0 899.409 36 4.9 20.4
0 899.517 9 4.9 20.4
0 899.727 5 4.9 20.4
0 899.864 7 4.9 20.4
0 899.893 34 4.9 20.4
0 899.999 9 4.9 20.4
0 900.102 10 4.9 20.4
0 900.191 11 4.9 20.4
0 900.295 10 4.9 20.4
0 900.397 10 4.9 20.4
0 900.494 10 4.9 20.4
0 900.699 5 4.9 20.4
0 900.734 28 4.9 20.4
0 900.835 10 4.9 20.4
0 900.986 7 4.9 20.4
0 901.027 25 4.9 20.4
0 901.128 10 4.9 20.4
0 901.441 3 4.9 20.4
0 901.468 37 4.9 20.4
0 901.564 10 4.9 20.4
0 901.874 3 4.9 20.4
0 901.906 31 4.9 20.4
0 902.007 10 4.9 20.4
0 902.102 11 4.9 20.4
0 902.202 10 4.9 20.4
0 902.308 10 4.9 20.4
0 902.402 11 4.9 20.4
0 902.504 10 4.9 20.4
0 902.713 5 4.9 20.4
0 902.736 42 4.9 20.4
0 902.924 5 4.9 20.4
0 903.082 6 4.9 20.4
0 903.109 38 4.9 20.4
0 903.218 9 4.9 20.4
0 903.312 11 4.9 20.4
0 903.515 5 4.9 20.4
0 903.548 30 4.9 20.4
0 903.652 10 4.9 20.4
0 903.947 3 4.9 20.4
0 903.98 31 4.9 20.4
0 904.083 10 4.9 20.4
0 904.178 11 4.9 20.4
0 904.276 10 4.9 20.4
0 904.382 9 4.9 20.4
0 904.478 10 4.9 20.4
0 904.578 10 4.9 20.4
0 904.791 5 4.9 20.4
0 904.883 11 4.9 20.4
0 905.082 5 4.9 20.4
0 905.223 7 4.9 20.4
0 905.264 25 4.9 20.4
0 905.353 11 4.9 20.4
0 905.56 5 4.9 20.4
0 905.581 48 4.9 20.4
0 905.687 9 4.9 20.4
0 905.996 3 4.9 20.4
0 906.027 32 4.9 20.4
0 906.131 10 4.9 20.4
0 906.219 11 4.9 20.4
0 906.331 9 4.9 20.4
0 906.424 11 4.9 20.4
0 906.53 9 4.9 20.4
0 906.626 10 4.9 20.4
0 906.726 10 4.9 20.4
0 906.825 10 4.9 20.4
0 906.987 6 4.9 20.4
0 907.143 6 4.9 20.4
0 907.261 9 4.9 20.4
0 907.287 38 4.9 20.4
0 907.393 9 4.9 20.4
0 907.599 5 4.9 20.4
0 907.721 8 4.9 20.4
0 907.734 80 4.9 20.4
0 908.073 3 4.5 20.4
0 908.107 29 4.5 20.4
0 908.205 10 4.5 20.4
0 908.304 10 4.5 20.4
0 908.408 10 4.5 20.4
0 908.502 11 4.5 20.4
0 908.61 9 4.5 20.4
0 908.701 11 4.5 20.4
0 908.803 10 4.5 20.4
0 908.901 10 4.5 20.4
0 909.014 9 4.5 20.4
0 909.221 5 4.5 20.4
0 909.381 6 4.5 20.4
0 909.407 38 4.5 20.4
0 909.624 5 4.5 20.4
0 909.647 43 4.5 20.4
0 909.766 8 4.5 20.4
0 909.964 5 4.5 20.4
0 910.096 8 4.5 20.4
0 910.16 16 4.5 20.4
0 910.23 14 4.5 20.4
0 910.326 10 4.5 20.4
0 910.491 6 4.5 20.4
0 910.509 57 4.5 20.4
0 910.629 8 4.5 20.4
0 910.729 10 4.5 20.4
0 910.834 10 4.5 20.4
0 910.924 11 4.5 20.4
0 911.087 6 4.5 20.4
0 911.251 6 4.5 20.4
0 911.408 6 4.5 20.4
0 911.436 37 4.5 20.4
0 911.537 10 4.5 20.4
0 911.642 9 4.5 20.4
0 911.738 10 4.5 20.4
0 911.838 10 4.5 20.4
0 912.148 3 4.5 20.4
0 912.172 42 4.5 20.4
0 912.275 10 4.5 20.4
0 912.374 10 4.5 20.4
0 912.478 10 4.5 20.4
0 912.635 6 4.5 20.4
0 912.676 24 4.5 20.4
0 912.773 10 4.5 20.4
0 912.876 10 4.5 20.4
0 912.976 10 4.5 20.4
0 913.131 6 4.5 20.4
0 913.294 6 4.5 20.4
0 913.433 7 4.5 20.4
0 913.45 59 4.5 20.4
0 913.563 9 4.5 20.4
0 913.656 11 4.5 20.4
0 913.759 10 4.5 20.4
0 913.864 10 4.5 20.4
0 914.071 5 4.5 20.4
0 914.097 39 4.5 20.4
0 914.196 10 4.5 20.4
0 914.297 10 4.5 20.4
0 914.399 10 4.5 20.4
0 914.496 10 4.5 20.4
0 914.662 6 4.5 20.4
0 914.692 34 4.5 20.4
0 914.798 9 4.5 20.4
0 914.9 10 4.5 20.4
0 914.995 10 4.5 20.4
0 915.183 5 4.5 20.4
0 915.347 6 4.5 20.4
0 915.563 5 4.5 20.4
0 915.576 75 4.5 20.4
0 915.691 9 4.5 20.4
0 915.791 10 4.5 20.4
0 915.89 10 4.5 20.4
0 915.992 10 4.5 20.4
0 916.095 10 4.5 20.4
0 916.194 10 4.5 20.4
0 916.295 10 4.5 20.4
0 916.388 11 4.5 20.4
0 916.495 9 4.5 20.4
0 916.591 10 4.5 20.4
0 916.942 3 4.5 20.4
0 916.963 48 4.5 20.4
0 917.079 9 4.5 20.4
0 917.227 7 4.5 20.4
0 917.437 5 4.5 20.4
0 917.655 5 4.5 20.4
0 917.683 35 4.5 20.4
0 917.785 10 4.5 20.4
0 917.891 9 4.5 20.4
0 917.984 11 4.5 20.4
0 918.079 11 4.7 20.4
0 918.194 9 4.7 20.4
0 918.283 11 4.7 20.4
0 918.376 11 4.7 20.4
0 918.488 9 4.7 20.4
0 918.578 11 4.7 20.4
0 918.679 10 4.7 20.4
0 918.89 5 4.7 20.4
0 918.908 57 4.7 20.4
0 919.024 9 4.7 20.4
0 919.117 11 4.7 20.4
0 919.277 6 4.7 20.4
0 919.539 4 4.7 20.4
0 919.754 5 4.7 20.4
0 919.781 37 4.7 20.4
0 919.884 10 4.7 20.4
0 919.988 10 4.7 20.4
0 920.082 11 4.7 20.4
0 920.186 10 4.7 20.4
0 920.284 10 4.7 20.4
0 920.412 8 4.7 20.4
0 920.48 15 4.7 20.4
0 920.594 9 4.7 20.4
0 920.677 12 4.7 20.4
0 920.782 10 4.7 20.4
0 920.994 5 4.7 20.4
0 921.02 39 4.7 20.4
0 921.133 9 4.7 20.4
0 921.285 7 4.7 20.4
0 921.385 10 4.7 20.4
0 921.421 28 4.7 20.4
0 921.626 5 4.7 20.4
0 921.89 4 4.7 20.4
0 921.916 38 4.7 20.4
0 922.026 9 4.7 20.4
0 922.12 11 4.7 20.4
0 922.229 9 4.7 20.4
0 922.317 11 4.7 20.4
0 922.431 9 4.7 20.4
0 922.517 12 4.7 20.4
0 922.62 10 4.7 20.4
0 922.722 10 4.7 20.4
0 922.82 10 4.7 20.4
0 923.045 4 4.7 20.4
0 923.072 37 4.7 20.4
0 923.176 10 4.7 20.4
0 923.33 7 4.7 20.4
0 923.478 7 4.7 20.4
0 923.499 48 4.7 20.4
0 923.721 5 4.7 20.4
0 924.032 3 4.7 20.4
0 924.057 39 4.7 20.4
0 924.168 9 4.7 20.4
0 924.256 11 4.7 20.4
0 924.362 9 4.7 20.4
0 924.46 10 4.7 20.4
0 924.563 10 4.7 20.4
0 924.658 11 4.7 20.4
0 924.77 9 4.7 20.4
0 924.874 10 4.7 20.4
0 925.079 5 4.7 20.4
0 925.102 44 4.7 20.4
0 925.267 6 4.7 20.4
0 925.381 9 4.7 20.4
0 925.545 6 4.7 20.4
0 925.556 88 4.7 20.4
0 925.782 4 4.7 20.4
0 926.083 3 4.7 20.4
0 926.109 38 4.7 20.4
0 926.218 9 4.7 20.4
0 926.313 10 4.7 20.4
0 926.412 10 4.7 20.4
0 926.515 10 4.7 20.4
0 926.62 10 4.7 20.4
0 926.715 11 4.7 20.4
0 926.81 11 4.7 20.4
0 926.909 10 4.7 20.4
0 927.125 5 4.7 20.4
0 927.142 60 4.7 20.4
0 927.258 9 4.7 20.4
0 927.465 5 4.7 20.4
0 927.605 7 4.7 20.4
0 927.644 26 4.7 20.4
0 927.846 5 4.7 20.4
0 928.15 3 4.2 20.4
0 928.18 33 4.2 20.4
0 928.285 9 4.2 20.4
0 928.384 10 4.2 20.4
0 928.482 10 4.2 20.4
0 928.584 10 4.2 20.4
0 928.69 9 4.2 20.4
0 928.784 11 4.2 20.4
0 928.881 10 4.2 20.4
0 928.983 10 4.2 20.4
0 929.213 4 4.2 20.4
0 929.236 43 4.2 20.4
0 929.346 9 4.2 20.4
0 929.553 5 4.2 20.4
0 929.703 7 4.2 20.4
0 929.745 24 4.2 20.4
0 929.942 5 4.2 20.4
0 930.341 3 4.2 20.4
0 930.355 72 4.2 20.4
0 930.469 9 4.2 20.4
0 930.606 7 4.2 20.4
0 930.669 16 4.2 20.4
0 930.772 10 4.2 20.4
0 930.876 10 4.2 20.4
0 930.966 11 4.2 20.4
0 931.062 10 4.2 20.4
0 931.204 7 4.2 20.4
0 931.272 15 4.2 20.4
0 931.372 10 4.2 20.4
0 931.583 5 4.2 20.4
0 931.723 7 4.2 20.4
0 931.748 39 4.2 20.4
0 931.962 5 4.2 20.4
0 932.313 3 4.2 20.4
0 932.337 41 4.2 20.4
0 932.442 10 4.2 20.4
0 932.541 10 4.2 20.4
0 932.641 10 4.2 20.4
0 932.742 10 4.2 20.4
0 932.848 10 4.2 20.4
0 932.939 11 4.2 20.4
0 933.043 10 4.2 20.4
0 933.144 10 4.2 20.4
0 933.363 5 4.2 20.4
0 933.491 8 4.2 20.4
0 933.621 8 4.2 20.4
0 933.761 7 4.2 20.4
0 933.784 44 4.2 20.4
0 933.902 8 4.2 20.4
0 934.096 5 4.2 20.4
0 934.334 4 4.2 20.4
0 934.358 41 4.2 20.4
0 934.485 8 4.2 20.4
0 934.567 12 4.2 20.4
0 934.743 6 4.2 20.4
0 934.762 53 4.2 20.4
0 934.878 9 4.2 20.4
0 934.975 10 4.2 20.4
0 935.09 9 4.2 20.4
0 935.174 12 4.2 20.4
0 935.452 4 4.2 20.4
0 935.48 35 4.2 20.4
0 935.759 4 4.2 20.4
0 935.911 7 4.2 20.4
0 935.945 30 4.2 20.4
0 936.391 2 4.2 20.4
0 936.434 23 4.2 20.4
0 936.543 9 4.2 20.4
0 936.654 9 4.2 20.4
0 936.805 7 4.2 20.4
0 936.854 20 4.2 20.4
0 936.961 9 4.2 20.4
0 937.057 10 4.2 20.4
0 937.164 9 4.2 20.4
0 937.259 11 4.2 20.4
0 937.531 4 4.2 20.4
0 937.686 6 4.2 20.4
0 937.74 18 4.2 20.4
0 937.843 10 4.2 20.4
0 937.94 10 4.2 20.4
0 938.048 9 4.2 20.4
0 938.456 2 4.4 20.5
0 938.602 7 4.4 20.5
0 938.629 37 4.4 20.5
0 938.814 5 4.4 20.5
0 938.858 23 4.4 20.5
0 938.966 9 4.4 20.5
0 939.073 9 4.4 20.5
0 939.163 11 4.4 20.5
0 939.261 10 4.4 20.5
0 939.571 3 4.4 20.5
0 939.727 6 4.4 20.5
0 939.783 18 4.4 20.5
0 939.872 11 4.4 20.5
0 939.986 9 4.4 20.5
0 940.073 11 4.4 20.5
0 940.297 4 4.4 20.5
0 940.342 22 4.4 20.5
0 940.602 4 4.4 20.5
0 940.627 39 4.4 20.5
0 940.821 5 4.4 20.5
0 940.865 22 4.4 20.5
0 940.97 10 4.4 20.5
0 941.074 10 4.4 20.5
0 941.164 11 4.4 20.5
0 941.268 10 4.4 20.5
0 941.595 3 4.4 20.5
0 941.742 7 4.4 20.5
0 941.794 19 4.4 20.5
0 941.898 10 4.4 20.5
0 941.995 10 4.4 20.5
0 942.099 10 4.4 20.5
0 942.304 5 4.4 20.5
0 942.351 21 4.4 20.5
0 942.555 5 4.4 20.5
0 942.611 18 4.4 20.5
0 942.711 10 4.4 20.5
0 942.912 5 4.4 20.5
0 942.976 16 4.4 20.5
0 943.059 12 4.4 20.5
0 943.163 10 4.4 20.5
0 943.258 10 4.4 20.5
0 943.365 9 4.4 20.5
0 943.69 3 4.4 20.5
0 943.731 24 4.4 20.5
0 943.836 10 4.4 20.5
0 944.071 4 4.4 20.5
0 944.118 21 4.4 20.5
0 944.222 10 4.4 20.5
0 944.315 11 4.4 20.5
0 944.414 10 4.4 20.5
0 944.628 5 4.4 20.5
0 944.67 24 4.4 20.5
0 944.784 9 4.4 20.5
0 944.987 5 4.4 20.5
0 945.04 19 4.4 20.5
0 945.133 11 4.4 20.5
0 945.206 14 4.4 20.5
0 945.315 9 4.4 20.5
0 945.406 11 4.4 20.5
0 945.904 2 4.4 20.5
0 945.913 115 4.4 20.5
0 946.14 4 4.4 20.5
