ID TIME pos
2 1.206 [0, 0] [0.2832542855951095, -0.43946256365155995] [[0, 0], [0, 0], [0, 0], [0, 0], [0, 0], [0, 0], [0, 0], [0, 0], [0, 0], [0, 0], [0, 0], [0, 0], [0, 0], [0, 0], [0, 0]]
2 6.213 [0, 0] [0.2832542855951095, -0.43946256365155995] [[0, 0], [0, 0], [0, 0], [0, 0], [0, 0], [0, 0], [0, 0], [0, 0], [0, 0], [0, 0], [0, 0], [0, 0], [0, 0], [-0.37521000000000004, -0.43379999999999996], [0.35736999999999997, 0.38599000000000006]]
2 11.221 [0, 0] [0.2832542855951095, -0.43946256365155995] [[0, 0], [0, 0], [0, 0], [0, 0], [0, 0], [0, 0], [0, 0], [0, 0], [0, 0], [0, 0], [0, 0], [0, 0], [0, 0], [-0.37521000000000004, -0.43379999999999996], [0.35736999999999997, 0.38599000000000006]]
2 16.229 [0, 0] [0.2832542855951095, -0.43946256365155995] [[0, 0], [0, 0], [0, 0], [0, 0], [0, 0], [0, 0], [0, 0], [0, 0], [0, 0], [0, 0], [0, 0], [0, 0], [-0.4294800000000001, -0.2860799999999999], [-0.37521000000000004, -0.43379999999999996], [0.35736999999999997, 0.38599000000000006]]
2 21.237 [0, 0] [0.2832542855951095, -0.43946256365155995] [[0, 0], [0, 0], [0, 0], [0, 0], [0, 0], [0, 0], [0, 0], [0, 0], [0, 0], [0, 0], [0, 0], [0, 0], [-0.4294800000000001, -0.2860799999999999], [-0.37521000000000004, -0.43379999999999996], [0.35736999999999997, 0.38599000000000006]]
2 26.346 [0, 0] [0.2832542855951095, -0.43946256365155995] [[0, 0], [0, 0], [0.3417500000000002, -0.5310900000000001], [0, 0], [0, 0], [0, 0], [0, 0], [0, 0], [0.28959, -0.3573900000000001], [0, 0], [0, 0], [0, 0], [-0.4294800000000001, -0.2860799999999999], [-0.37521000000000004, -0.43379999999999996], [0.35736999999999997, 0.38599000000000006]]
2 31.354 [0, 0] [0.2832542855951095, -0.43946256365155995] [[0, 0], [0, 0], [0.3417500000000002, -0.5310900000000001], [0, 0], [0, 0], [0, 0], [0, 0], [0, 0], [0.28959, -0.3573900000000001], [0, 0], [0, 0], [0, 0], [-0.4294800000000001, -0.2860799999999999], [-0.37521000000000004, -0.43379999999999996], [0.35736999999999997, 0.38599000000000006]]
2 36.362 [0, 0] [0.2832542855951095, -0.43946256365155995] [[0, 0], [0, 0], [0.3417500000000002, -0.5310900000000001], [0, 0], [0, 0], [0, 0], [0, 0], [0, 0], [0.28959, -0.3573900000000001], [0, 0], [0, 0], [0, 0], [-0.4294800000000001, -0.2860799999999999], [-0.37521000000000004, -0.43379999999999996], [0.35736999999999997, 0.38599000000000006]]
2 41.37 [0, 0] [0.2832542855951095, -0.43946256365155995] [[0, 0], [0, 0], [0.3417500000000002, -0.5310900000000001], [0, 0], [0, 0], [0, 0], [0, 0], [0, 0], [0.28959, -0.3573900000000001], [0, 0], [0, 0], [0, 0], [-0.4294800000000001, -0.2860799999999999], [-0.37521000000000004, -0.43379999999999996], [0.35736999999999997, 0.38599000000000006]]
2 46.378 [0, 0] [0.2832542855951095, -0.43946256365155995] [[0, 0], [0, 0], [0.3417500000000002, -0.5310900000000001], [0, 0], [0, 0], [0, 0], [0, 0], [0, 0], [0.28959, -0.3573900000000001], [0, 0], [0, 0], [0, 0], [-0.4294800000000001, -0.2860799999999999], [-0.37521000000000004, -0.43379999999999996], [0.35736999999999997, 0.38599000000000006]]
2 51.385 [0, 0] [0.2832542855951095, -0.43946256365155995] [[0, 0], [0, 0], [0.3417500000000002, -0.5310900000000001], [0, 0], [0, 0], [0, 0], [0, 0], [0, 0], [0.28959, -0.3573900000000001], [0, 0], [0, 0], [0, 0], [-0.4294800000000001, -0.2860799999999999], [-0.37521000000000004, -0.43379999999999996], [0.35736999999999997, 0.38599000000000006]]
2 56.393 [0, 0] [0.2832542855951095, -0.43946256365155995] [[0, 0], [0, 0], [0.3417500000000002, -0.5310900000000001], [0, 0], [0, 0], [0, 0], [0, 0], [0, 0], [0.28959, -0.3573900000000001], [0, 0], [0, 0], [0, 0], [-0.4294800000000001, -0.2860799999999999], [-0.37521000000000004, -0.43379999999999996], [0.35736999999999997, 0.38599000000000006]]
2 61.401 [0, 0] [0.2832542855951095, -0.43946256365155995] [[0, 0], [0, 0], [0.3417500000000002, -0.5310900000000001], [0, 0], [0, 0], [0, 0], [0, 0], [0, 0], [0.28959, -0.3573900000000001], [0, 0], [0, 0], [0, 0], [-0.4294800000000001, -0.2860799999999999], [-0.37521000000000004, -0.43379999999999996], [0.35736999999999997, 0.38599000000000006]]
2 66.41 [0, 0] [0.2832542855951095, -0.43946256365155995] [[0, 0], [0, 0], [0.3417500000000002, -0.5310900000000001], [0, 0], [0, 0], [0, 0], [0.39473, -0.2982], [0, 0], [0.28959, -0.3573900000000001], [0, 0], [0, 0], [0, 0], [-0.4294800000000001, -0.2860799999999999], [-0.37521000000000004, -0.43379999999999996], [0.35736999999999997, 0.38599000000000006]]
2 71.417 [0, 0] [0.2832542855951095, -0.43946256365155995] [[0, 0], [0, 0], [0.3417500000000002, -0.5310900000000001], [0, 0], [0, 0], [0, 0], [0.39473, -0.2982], [0, 0], [0.28959, -0.3573900000000001], [0, 0], [0, 0], [0, 0], [-0.4294800000000001, -0.2860799999999999], [-0.37521000000000004, -0.43379999999999996], [0.35736999999999997, 0.38599000000000006]]
2 76.425 [0, 0] [0.2832542855951095, -0.43946256365155995] [[0, 0], [0, 0], [0.3417500000000002, -0.5310900000000001], [0, 0], [0, 0], [0, 0], [0.39473, -0.2982], [0, 0], [0.28959, -0.3573900000000001], [0, 0], [0, 0], [0, 0], [-0.4294800000000001, -0.2860799999999999], [-0.37521000000000004, -0.43379999999999996], [0.35736999999999997, 0.38599000000000006]]
2 81.433 [0, 0] [0.2832542855951095, -0.43946256365155995] [[0, 0], [0, 0], [0.3417500000000002, -0.5310900000000001], [0, 0], [0, 0], [0, 0], [0.39473, -0.2982], [0, 0], [0.28959, -0.3573900000000001], [0, 0], [0, 0], [0, 0], [-0.4294800000000001, -0.2860799999999999], [-0.37521000000000004, -0.43379999999999996], [0.35736999999999997, 0.38599000000000006]]
2 86.441 [0, 0] [0.2832542855951095, -0.43946256365155995] [[0, 0], [0, 0], [0.12407000000000012, -0.25293999999999994], [0, 0], [0, 0], [0, 0], [0.39473, -0.2982], [0, 0], [0.28959, -0.3573900000000001], [0, 0], [0, 0], [0, 0], [-0.4294800000000001, -0.2860799999999999], [-0.37521000000000004, -0.43379999999999996], [0.35736999999999997, 0.38599000000000006]]
2 91.449 [0, 0] [0.2832542855951095, -0.43946256365155995] [[0, 0], [0, 0], [0.12407000000000012, -0.25293999999999994], [0, 0], [0, 0], [0, 0], [0.39473, -0.2982], [0, 0], [0.28959, -0.3573900000000001], [0, 0], [0, 0], [0, 0], [-0.4294800000000001, -0.2860799999999999], [-0.37521000000000004, -0.43379999999999996], [0.35736999999999997, 0.38599000000000006]]
2 96.457 [0, 0] [0.2832542855951095, -0.43946256365155995] [[0, 0], [0, 0], [0.12407000000000012, -0.25293999999999994], [0, 0], [0, 0], [0, 0], [0.39473, -0.2982], [0, 0], [0.28959, -0.3573900000000001], [0, 0], [0, 0], [0, 0], [-0.4294800000000001, -0.2860799999999999], [-0.37521000000000004, -0.43379999999999996], [0.35736999999999997, 0.38599000000000006]]
2 101.466 [0, 0] [0.2832542855951095, -0.43946256365155995] [[0, 0], [0, 0], [0.12407000000000012, -0.25293999999999994], [0, 0], [0, 0], [0, 0], [0.39473, -0.2982], [0, 0], [0.28959, -0.3573900000000001], [0, 0], [0, 0], [0, 0], [-0.4294800000000001, -0.2860799999999999], [-0.37521000000000004, -0.43379999999999996], [0.35736999999999997, 0.38599000000000006]]
2 106.473 [0, 0] [0.2832542855951095, -0.43946256365155995] [[0, 0], [0, 0], [0.12407000000000012, -0.25293999999999994], [0, 0], [0, 0], [0, 0], [0.39473, -0.2982], [0, 0], [0.28959, -0.3573900000000001], [0, 0], [0, 0], [0, 0], [-0.4294800000000001, -0.2860799999999999], [-0.37521000000000004, -0.43379999999999996], [0.35736999999999997, 0.38599000000000006]]
2 111.482 [0, 0] [0.2832542855951095, -0.43946256365155995] [[0, 0], [0, 0], [0.12407000000000012, -0.25293999999999994], [0, 0], [0, 0], [0, 0], [0.39473, -0.2982], [0, 0], [0.28959, -0.3573900000000001], [0, 0], [0, 0], [0, 0], [-0.4294800000000001, -0.2860799999999999], [-0.37521000000000004, -0.43379999999999996], [0.35736999999999997, 0.38599000000000006]]
2 116.49 [0, 0] [0.2832542855951095, -0.43946256365155995] [[0, 0], [0, 0], [0.12407000000000012, -0.25293999999999994], [0, 0], [0, 0], [0, 0], [0.39473, -0.2982], [0, 0], [0.28959, -0.3573900000000001], [0, 0], [0, 0], [0, 0], [-0.4294800000000001, -0.2860799999999999], [-0.37521000000000004, -0.43379999999999996], [0.35736999999999997, 0.38599000000000006]]
2 121.498 [0, 0] [0.2832542855951095, -0.43946256365155995] [[0, 0], [0, 0], [0.12407000000000012, -0.25293999999999994], [0, 0], [0, 0], [0, 0], [0.39473, -0.2982], [0, 0], [0.28959, -0.3573900000000001], [0, 0], [0, 0], [0, 0], [-0.4294800000000001, -0.2860799999999999], [-0.37521000000000004, -0.43379999999999996], [0.35736999999999997, 0.38599000000000006]]
2 126.507 [0, 0] [0.2832542855951095, -0.43946256365155995] [[0, 0], [0, 0], [0.12407000000000012, -0.25293999999999994], [0, 0], [0, 0], [0, 0], [0.39473, -0.2982], [0, 0], [0.28959, -0.3573900000000001], [0, 0], [0, 0], [0, 0], [-0.4294800000000001, -0.2860799999999999], [-0.37521000000000004, -0.43379999999999996], [0.35736999999999997, 0.38599000000000006]]
2 131.515 [0, 0] [0.2832542855951095, -0.43946256365155995] [[0, 0], [0, 0], [0.12407000000000012, -0.25293999999999994], [0, 0], [0, 0], [0, 0], [0.39473, -0.2982], [0, 0], [0.28959, -0.3573900000000001], [0, 0], [0, 0], [0, 0], [-0.4294800000000001, -0.2860799999999999], [-0.37521000000000004, -0.43379999999999996], [0.35736999999999997, 0.38599000000000006]]
2 136.522 [0, 0] [0.2832542855951095, -0.43946256365155995] [[0, 0], [0, 0], [0.12407000000000012, -0.25293999999999994], [0, 0], [0, 0], [0, 0], [0.39473, -0.2982], [0, 0], [0.28959, -0.3573900000000001], [0, 0], [0, 0], [0, 0], [-0.4294800000000001, -0.2860799999999999], [-0.37521000000000004, -0.43379999999999996], [0.35736999999999997, 0.38599000000000006]]
2 141.53 [0, 0] [0.2832542855951095, -0.43946256365155995] [[0, 0], [0, 0], [0.12407000000000012, -0.25293999999999994], [0, 0], [0, 0], [0, 0], [0.39473, -0.2982], [0, 0], [0.28959, -0.3573900000000001], [0, 0], [0, 0], [0, 0], [-0.4294800000000001, -0.2860799999999999], [-0.37521000000000004, -0.43379999999999996], [0.35736999999999997, 0.38599000000000006]]
2 146.539 [0, 0] [0.2832542855951095, -0.43946256365155995] [[0, 0], [0, 0], [0.12407000000000012, -0.25293999999999994], [0, 0], [0, 0], [0, 0], [0.39473, -0.2982], [0, 0], [0.28959, -0.3573900000000001], [0, 0], [0, 0], [0, 0], [-0.4294800000000001, -0.2860799999999999], [-0.37521000000000004, -0.43379999999999996], [0.35736999999999997, 0.38599000000000006]]
2 151.547 [0, 0] [0.2832542855951095, -0.43946256365155995] [[0, 0], [0, 0], [0.12407000000000012, -0.25293999999999994], [0, 0], [0, 0], [0, 0], [0.39473, -0.2982], [0, 0], [0.28959, -0.3573900000000001], [0, 0], [0, 0], [0, 0], [-0.4294800000000001, -0.2860799999999999], [-0.37521000000000004, -0.43379999999999996], [0.35736999999999997, 0.38599000000000006]]
2 156.555 [0, 0] [0.2832542855951095, -0.43946256365155995] [[0, 0], [0, 0], [0.12407000000000012, -0.25293999999999994], [0, 0], [0, 0], [0, 0], [0.39473, -0.2982], [0, 0], [0.28959, -0.3573900000000001], [0, 0], [0, 0], [0, 0], [-0.4294800000000001, -0.2860799999999999], [-0.37521000000000004, -0.43379999999999996], [0.35736999999999997, 0.38599000000000006]]
2 161.563 [0, 0] [0.2832542855951095, -0.43946256365155995] [[0, 0], [0, 0], [0.12407000000000012, -0.25293999999999994], [0, 0], [0, 0], [0, 0], [0.39473, -0.2982], [0, 0], [0.28959, -0.3573900000000001], [0, 0], [0, 0], [0, 0], [-0.4294800000000001, -0.2860799999999999], [-0.37521000000000004, -0.43379999999999996], [0.35736999999999997, 0.38599000000000006]]
2 166.571 [0, 0] [0.2832542855951095, -0.43946256365155995] [[0, 0], [0, 0], [0.07241000000000009, -0.30193000000000003], [0, 0], [0, 0], [0, 0], [0.39473, -0.2982], [0, 0], [0.28959, -0.3573900000000001], [0, 0], [0, 0], [0, 0], [-0.4294800000000001, -0.2860799999999999], [-0.37521000000000004, -0.43379999999999996], [0.35736999999999997, 0.38599000000000006]]
2 171.579 [0, 0] [0.2832542855951095, -0.43946256365155995] [[0, 0], [0, 0], [0.07241000000000009, -0.30193000000000003], [0, 0], [0, 0], [0, 0], [0.39473, -0.2982], [0, 0], [0.28959, -0.3573900000000001], [0, 0], [0, 0], [0, 0], [-0.4294800000000001, -0.2860799999999999], [-0.37521000000000004, -0.43379999999999996], [0.35736999999999997, 0.38599000000000006]]
2 176.587 [0, 0] [0.2832542855951095, -0.43946256365155995] [[0, 0], [0, 0], [0.07241000000000009, -0.30193000000000003], [0, 0], [0, 0], [0, 0], [0.39473, -0.2982], [0, 0], [0.28959, -0.3573900000000001], [0, 0], [0, 0], [0, 0], [-0.4294800000000001, -0.2860799999999999], [-0.37521000000000004, -0.43379999999999996], [0.35736999999999997, 0.38599000000000006]]
2 181.595 [0, 0] [0.2832542855951095, -0.43946256365155995] [[0, 0], [0, 0], [0.07241000000000009, -0.30193000000000003], [0, 0], [0, 0], [0, 0], [0.39473, -0.2982], [0, 0], [0.28959, -0.3573900000000001], [0, 0], [0, 0], [0, 0], [-0.4294800000000001, -0.2860799999999999], [-0.37521000000000004, -0.43379999999999996], [0.35736999999999997, 0.38599000000000006]]
2 186.603 [0, 0] [0.2832542855951095, -0.43946256365155995] [[0, 0], [0, 0], [0.07241000000000009, -0.30193000000000003], [0, 0], [0, 0], [0, 0], [0.39473, -0.2982], [0, 0], [0.28959, -0.3573900000000001], [0, 0], [0, 0], [0, 0], [-0.4294800000000001, -0.2860799999999999], [-0.37521000000000004, -0.43379999999999996], [0.35736999999999997, 0.38599000000000006]]
2 191.611 [0, 0] [0.2832542855951095, -0.43946256365155995] [[0, 0], [0, 0], [0.07241000000000009, -0.30193000000000003], [0, 0], [0, 0], [0, 0], [0.39473, -0.2982], [-0.013549999999999951, -0.24174000000000007], [0.28959, -0.3573900000000001], [0, 0], [0.01603000000000021, -0.21121999999999996], [0, 0], [-0.4294800000000001, -0.2860799999999999], [-0.37521000000000004, -0.43379999999999996], [0.35736999999999997, 0.38599000000000006]]
2 196.619 [0, 0] [0.2832542855951095, -0.43946256365155995] [[0, 0], [0, 0], [0.07241000000000009, -0.30193000000000003], [0, 0], [0, 0], [0, 0], [0.39473, -0.2982], [-0.013549999999999951, -0.24174000000000007], [0.28959, -0.3573900000000001], [0, 0], [0.01603000000000021, -0.21121999999999996], [0, 0], [-0.4294800000000001, -0.2860799999999999], [-0.37521000000000004, -0.43379999999999996], [0.35736999999999997, 0.38599000000000006]]
2 201.627 [0, 0] [0.2832542855951095, -0.43946256365155995] [[0, 0], [0, 0], [0.07241000000000009, -0.30193000000000003], [0, 0], [0, 0], [0, 0], [0.39473, -0.2982], [-0.013549999999999951, -0.24174000000000007], [0.28959, -0.3573900000000001], [0, 0], [0.01603000000000021, -0.21121999999999996], [0, 0], [-0.4294800000000001, -0.2860799999999999], [-0.37521000000000004, -0.43379999999999996], [0.35736999999999997, 0.38599000000000006]]
2 206.636 [0, 0] [0.2832542855951095, -0.43946256365155995] [[0, 0], [0, 0], [0.07241000000000009, -0.30193000000000003], [0, 0], [0, 0], [0, 0], [0.39473, -0.2982], [-0.013549999999999951, -0.24174000000000007], [0.28959, -0.3573900000000001], [0, 0], [0.01603000000000021, -0.21121999999999996], [0, 0], [-0.4294800000000001, -0.2860799999999999], [-0.37521000000000004, -0.43379999999999996], [0.35736999999999997, 0.38599000000000006]]
2 211.643 [0, 0] [0.2832542855951095, -0.43946256365155995] [[0, 0], [0, 0], [0.07241000000000009, -0.30193000000000003], [0, 0], [0, 0], [0, 0], [0.39473, -0.2982], [-0.013549999999999951, -0.24174000000000007], [0.28959, -0.3573900000000001], [0, 0], [0.01603000000000021, -0.21121999999999996], [0, 0], [-0.4294800000000001, -0.2860799999999999], [-0.37521000000000004, -0.43379999999999996], [0.35736999999999997, 0.38599000000000006]]
2 216.652 [0, 0] [0.2832542855951095, -0.43946256365155995] [[0, 0], [0, 0], [0.07241000000000009, -0.30193000000000003], [0, 0], [0, 0], [0, 0], [0.39473, -0.2982], [-0.013549999999999951, -0.24174000000000007], [0.28959, -0.3573900000000001], [0, 0], [0.01603000000000021, -0.21121999999999996], [0, 0], [-0.4294800000000001, -0.2860799999999999], [-0.37521000000000004, -0.43379999999999996], [0.35736999999999997, 0.38599000000000006]]
2 221.66 [0, 0] [0.2832542855951095, -0.43946256365155995] [[0, 0], [0, 0], [0.07241000000000009, -0.30193000000000003], [0, 0], [0, 0], [0, 0], [0.39473, -0.2982], [-0.013549999999999951, -0.24174000000000007], [0.28959, -0.3573900000000001], [0, 0], [0.01603000000000021, -0.21121999999999996], [0, 0], [-0.4294800000000001, -0.2860799999999999], [-0.37521000000000004, -0.43379999999999996], [0.35736999999999997, 0.38599000000000006]]
2 226.667 [0, 0] [0.2832542855951095, -0.43946256365155995] [[0, 0], [0, 0], [0.07241000000000009, -0.30193000000000003], [0, 0], [0, 0], [0, 0], [0.39473, -0.2982], [-0.013549999999999951, -0.24174000000000007], [0.28959, -0.3573900000000001], [0, 0], [0.01603000000000021, -0.21121999999999996], [0, 0], [-0.4294800000000001, -0.2860799999999999], [-0.37521000000000004, -0.43379999999999996], [0.35736999999999997, 0.38599000000000006]]
2 231.676 [0, 0] [0.2832542855951095, -0.43946256365155995] [[0, 0], [0, 0], [0.07241000000000009, -0.30193000000000003], [0, 0], [0, 0], [0, 0], [0.39473, -0.2982], [-0.013549999999999951, -0.24174000000000007], [0.28959, -0.3573900000000001], [0, 0], [0.01603000000000021, -0.21121999999999996], [0, 0], [-0.4294800000000001, -0.2860799999999999], [-0.37521000000000004, -0.43379999999999996], [0.35736999999999997, 0.38599000000000006]]
2 236.683 [0, 0] [0.2832542855951095, -0.43946256365155995] [[0, 0], [0, 0], [0.07241000000000009, -0.30193000000000003], [0, 0], [0, 0], [0, 0], [0.39473, -0.2982], [-0.013579999999999925, -0.2417499999999999], [0.28959, -0.3573900000000001], [0, 0], [0.01603000000000021, -0.21121999999999996], [0, 0], [-0.4294800000000001, -0.2860799999999999], [-0.37521000000000004, -0.43379999999999996], [0.35736999999999997, 0.38599000000000006]]
2 241.691 [0, 0] [0.2832542855951095, -0.43946256365155995] [[0, 0], [0, 0], [0.07241000000000009, -0.30193000000000003], [0, 0], [0, 0], [0, 0], [0.39473, -0.2982], [-0.013579999999999925, -0.2417499999999999], [0.28959, -0.3573900000000001], [0, 0], [0.01603000000000021, -0.21121999999999996], [0, 0], [-0.4294800000000001, -0.2860799999999999], [-0.37521000000000004, -0.43379999999999996], [0.35736999999999997, 0.38599000000000006]]
2 246.7 [0, 0] [0.2832542855951095, -0.43946256365155995] [[0, 0], [0, 0], [0.07241000000000009, -0.30193000000000003], [0, 0], [0, 0], [0, 0], [0.39473, -0.2982], [-0.013579999999999925, -0.2417499999999999], [0.28959, -0.3573900000000001], [0, 0], [0.01576999999999984, -0.21124999999999994], [0, 0], [-0.4294800000000001, -0.2860799999999999], [-0.37521000000000004, -0.43379999999999996], [0.35736999999999997, 0.38599000000000006]]
2 251.708 [0, 0] [0.2832542855951095, -0.43946256365155995] [[0, 0], [0, 0], [0.07241000000000009, -0.30193000000000003], [0, 0], [0, 0], [0, 0], [0.39473, -0.2982], [-0.013579999999999925, -0.2417499999999999], [0.28959, -0.3573900000000001], [0, 0], [0.01576999999999984, -0.21124999999999994], [0, 0], [-0.4294800000000001, -0.2860799999999999], [-0.37521000000000004, -0.43379999999999996], [0.35736999999999997, 0.38599000000000006]]
2 256.716 [0, 0] [0.2832542855951095, -0.43946256365155995] [[0, 0], [0, 0], [0.07241000000000009, -0.30193000000000003], [0, 0], [0, 0], [0, 0], [0.39473, -0.2982], [-0.013579999999999925, -0.2417499999999999], [0.28959, -0.3573900000000001], [0, 0], [0.01576999999999984, -0.21124999999999994], [0, 0], [-0.4294800000000001, -0.2860799999999999], [-0.37521000000000004, -0.43379999999999996], [0.35736999999999997, 0.38599000000000006]]
2 261.724 [0, 0] [0.2832542855951095, -0.43946256365155995] [[0, 0], [0, 0], [0.07241000000000009, -0.30193000000000003], [0, 0], [0, 0], [0, 0], [0.39473, -0.2982], [-0.013579999999999925, -0.2417499999999999], [0.28959, -0.3573900000000001], [0.0776699999999999, -0.27699000000000007], [0.01576999999999984, -0.21124999999999994], [0, 0], [-0.4294800000000001, -0.2860799999999999], [-0.37521000000000004, -0.43379999999999996], [0.35736999999999997, 0.38599000000000006]]
2 266.732 [0.0447631953418482, -0.22160414725770092] [0.2832542855951095, -0.43946256365155995] [[0, 0], [0, 0], [0.07241000000000009, -0.30193000000000003], [0, 0], [0, 0], [0, 0], [0.39473, -0.2982], [-0.013579999999999925, -0.2417499999999999], [0.28959, -0.3573900000000001], [0.06959999999999988, -0.26598999999999995], [0.01576999999999984, -0.21124999999999994], [0.06640999999999986, -0.20562999999999998], [-0.4294800000000001, -0.2860799999999999], [-0.37521000000000004, -0.43379999999999996], [0.35736999999999997, 0.38599000000000006]]
2 271.741 [0.03922885665531627, -0.22108810689872935] [0.2832542855951095, -0.43946256365155995] [[0, 0], [0, 0], [0.07241000000000009, -0.30193000000000003], [0, 0], [0, 0], [0, 0], [0.39473, -0.2982], [-0.013579999999999925, -0.2417499999999999], [0.28959, -0.3573900000000001], [0.06959999999999988, -0.26598999999999995], [0.01576999999999984, -0.21124999999999994], [0.0110800000000002, -0.20048], [-0.4294800000000001, -0.2860799999999999], [-0.37521000000000004, -0.43379999999999996], [0.35736999999999997, 0.38599000000000006]]
2 276.748 [0.0066189444489139744, -0.21972769444500215] [0.2832542855951095, -0.43946256365155995] [[0, 0], [0, 0], [0.07241000000000009, -0.30193000000000003], [0, 0], [0, 0], [0.041589999999999794, -0.18713000000000002], [0.031159999999999854, -0.3170900000000001], [-0.013579999999999925, -0.2417499999999999], [0.28959, -0.3573900000000001], [0.06959999999999988, -0.26598999999999995], [0.01576999999999984, -0.21124999999999994], [0.0110800000000002, -0.20048], [-0.4294800000000001, -0.2860799999999999], [-0.37521000000000004, -0.43379999999999996], [0.35736999999999997, 0.38599000000000006]]
2 281.756 [-0.019072481033090758, -0.21330879433656053] [0.2832542855951095, -0.43946256365155995] [[-0.02078000000000002, -0.21595999999999993], [0, 0], [0.07241000000000009, -0.30193000000000003], [0, 0], [0, 0], [0.041589999999999794, -0.18713000000000002], [0.031159999999999854, -0.3170900000000001], [-0.013579999999999925, -0.2417499999999999], [0.011200000000000099, -0.28423], [0.06959999999999988, -0.26598999999999995], [0.01576999999999984, -0.21124999999999994], [0.0110800000000002, -0.20048], [-0.4294800000000001, -0.2860799999999999], [-0.37521000000000004, -0.43379999999999996], [0.35736999999999997, 0.38599000000000006]]
2 286.765 [-0.019072499999948946, -0.21330750000348597] [0.2832542855951095, -0.43946256365155995] [[-0.02078000000000002, -0.2159500000000001], [0, 0], [0.07241000000000009, -0.30193000000000003], [0, 0], [0, 0], [0.041589999999999794, -0.18713000000000002], [0.031159999999999854, -0.3170900000000001], [-0.013579999999999925, -0.2417499999999999], [0.011200000000000099, -0.28423], [0.06959999999999988, -0.26598999999999995], [0.01576999999999984, -0.21124999999999994], [0.0110800000000002, -0.20048], [-0.4294800000000001, -0.2860799999999999], [-0.37521000000000004, -0.43379999999999996], [0.35736999999999997, 0.38599000000000006]]
2 291.773 [-0.019072500000000027, -0.21330749999999996] [0.2832542855951095, -0.43946256365155995] [[-0.02078000000000002, -0.2159500000000001], [0, 0], [0.07241000000000009, -0.30193000000000003], [0, 0], [0, 0], [0.041589999999999794, -0.18713000000000002], [0.031159999999999854, -0.3170900000000001], [-0.013579999999999925, -0.2417499999999999], [0.011200000000000099, -0.28423], [0.06959999999999988, -0.26598999999999995], [0.01576999999999984, -0.21124999999999994], [0.0110800000000002, -0.20048], [-0.4294800000000001, -0.2860799999999999], [-0.37521000000000004, -0.43379999999999996], [0.35736999999999997, 0.38599000000000006]]
2 296.781 [-0.019072500000000027, -0.21330749999999996] [0.2832542855951095, -0.43946256365155995] [[-0.02078000000000002, -0.2159500000000001], [0, 0], [0.07241000000000009, -0.30193000000000003], [0, 0], [0, 0], [0.041589999999999794, -0.18713000000000002], [0.031159999999999854, -0.3170900000000001], [-0.013579999999999925, -0.2417499999999999], [0.011200000000000099, -0.28423], [0.06959999999999988, -0.26598999999999995], [0.01576999999999984, -0.21124999999999994], [0.0110800000000002, -0.20048], [-0.4294800000000001, -0.2860799999999999], [-0.37521000000000004, -0.43379999999999996], [0.35736999999999997, 0.38599000000000006]]
2 301.789 [-0.01918096153846156, -0.21310519230769226] [0.2832542855951095, -0.43946256365155995] [[-0.022189999999999932, -0.21331999999999995], [0, 0], [0.07241000000000009, -0.30193000000000003], [0, 0], [0, 0], [0.041589999999999794, -0.18713000000000002], [0.031159999999999854, -0.3170900000000001], [-0.013579999999999925, -0.2417499999999999], [0.011200000000000099, -0.28423], [0.06959999999999988, -0.26598999999999995], [0.01576999999999984, -0.21124999999999994], [0.0110800000000002, -0.20048], [-0.4294800000000001, -0.2860799999999999], [-0.37521000000000004, -0.43379999999999996], [0.35736999999999997, 0.38599000000000006]]
2 306.797 [-0.01923249250850825, -0.21298835395548069] [0.2832542855951095, -0.43946256365155995] [[-0.02252999999999994, -0.2125300000000001], [0, 0], [0.07241000000000009, -0.30193000000000003], [0, 0], [0, 0], [0.041589999999999794, -0.18713000000000002], [0.031159999999999854, -0.3170900000000001], [-0.013579999999999925, -0.2417499999999999], [0.011029999999999873, -0.28381999999999996], [0.06959999999999988, -0.26598999999999995], [0.01576999999999984, -0.21124999999999994], [0.0110800000000002, -0.20048], [-0.4294800000000001, -0.2860799999999999], [-0.37521000000000004, -0.43379999999999996], [0.35736999999999997, 0.38599000000000006]]
2 311.805 [-0.019642712527552435, -0.21226991556090186] [0.2832542855951095, -0.43946256365155995] [[-0.023470000000000102, -0.21155999999999997], [0, 0], [0.07241000000000009, -0.30193000000000003], [0, 0], [0, 0], [0.041589999999999794, -0.18713000000000002], [0.031159999999999854, -0.3170900000000001], [-0.013579999999999925, -0.2417499999999999], [0.007039999999999935, -0.27615999999999996], [0.06959999999999988, -0.26598999999999995], [0.01576999999999984, -0.21124999999999994], [0.0110800000000002, -0.20048], [-0.4294800000000001, -0.2860799999999999], [-0.37521000000000004, -0.43379999999999996], [0.35736999999999997, 0.38599000000000006]]
2 316.813 [-0.01964333333166137, -0.21226916666868362] [0.2832542855951095, -0.43946256365155995] [[-0.023470000000000102, -0.21155999999999997], [0, 0], [0.07241000000000009, -0.30193000000000003], [0, 0], [0, 0], [0.041589999999999794, -0.18713000000000002], [0.031159999999999854, -0.3170900000000001], [-0.013579999999999925, -0.2417499999999999], [0.007039999999999935, -0.27615999999999996], [0.06959999999999988, -0.26598999999999995], [0.01576999999999984, -0.21124999999999994], [0.0110800000000002, -0.20048], [-0.4294800000000001, -0.2860799999999999], [-0.37521000000000004, -0.43379999999999996], [0.35736999999999997, 0.38599000000000006]]
2 321.821 [-0.01964333333333338, -0.21226916666666662] [0.2832542855951095, -0.43946256365155995] [[-0.023470000000000102, -0.21155999999999997], [0, 0], [0.07241000000000009, -0.30193000000000003], [0, 0], [0, 0], [0.041589999999999794, -0.18713000000000002], [0.031159999999999854, -0.3170900000000001], [-0.013579999999999925, -0.2417499999999999], [0.007039999999999935, -0.27615999999999996], [0.06959999999999988, -0.26598999999999995], [0.01576999999999984, -0.21124999999999994], [0.0110800000000002, -0.20048], [-0.4294800000000001, -0.2860799999999999], [-0.37521000000000004, -0.43379999999999996], [0.35736999999999997, 0.38599000000000006]]
2 326.829 [-0.019643333333333384, -0.21226916666666662] [0.2832542855951095, -0.43946256365155995] [[-0.023470000000000102, -0.21155999999999997], [0, 0], [0.07241000000000009, -0.30193000000000003], [0, 0], [0, 0], [0.041589999999999794, -0.18713000000000002], [0.031159999999999854, -0.3170900000000001], [-0.013579999999999925, -0.2417499999999999], [0.007039999999999935, -0.27615999999999996], [0.06959999999999988, -0.26598999999999995], [0.01576999999999984, -0.21124999999999994], [0.0110800000000002, -0.20048], [-0.4294800000000001, -0.2860799999999999], [-0.37521000000000004, -0.43379999999999996], [0.35736999999999997, 0.38599000000000006]]
2 331.837 [-0.019643333333333384, -0.21226916666666662] [0.2832542855951095, -0.43946256365155995] [[-0.023470000000000102, -0.21155999999999997], [0, 0], [0.07241000000000009, -0.30193000000000003], [0, 0], [0, 0], [0.041589999999999794, -0.18713000000000002], [0.031159999999999854, -0.3170900000000001], [-0.013579999999999925, -0.2417499999999999], [0.007039999999999935, -0.27615999999999996], [0.06959999999999988, -0.26598999999999995], [0.01576999999999984, -0.21124999999999994], [0.0110800000000002, -0.20048], [-0.4294800000000001, -0.2860799999999999], [-0.37521000000000004, -0.43379999999999996], [0.35736999999999997, 0.38599000000000006]]
2 336.845 [-0.024151761151794786, -0.20241916268059632] [0.2832542855951095, -0.43946256365155995] [[-0.02864, -0.2042600000000001], [0, 0], [0.07241000000000009, -0.30193000000000003], [0, 0], [0, 0], [0.041589999999999794, -0.18713000000000002], [-0.017779999999999907, -0.20616999999999996], [-0.013579999999999925, -0.2417499999999999], [0.007039999999999935, -0.27615999999999996], [0.06959999999999988, -0.26598999999999995], [0.01576999999999984, -0.21124999999999994], [0.0110800000000002, -0.20048], [-0.4294800000000001, -0.2860799999999999], [-0.37521000000000004, -0.43379999999999996], [0.35736999999999997, 0.38599000000000006]]
2 341.853 [-0.030316812710611755, -0.19508980775065152] [0.2832542855951095, -0.43946256365155995] [[-0.03702000000000005, -0.2040200000000001], [0, 0], [0.006829999999999892, -0.21419999999999995], [0, 0], [0, 0], [0.041589999999999794, -0.18713000000000002], [-0.018399999999999972, -0.2055800000000001], [-0.013579999999999925, -0.2417499999999999], [0.007039999999999935, -0.27615999999999996], [0.06959999999999988, -0.26598999999999995], [0.01576999999999984, -0.21124999999999994], [0.0110800000000002, -0.20048], [-0.4294800000000001, -0.2860799999999999], [-0.37521000000000004, -0.43379999999999996], [0.35736999999999997, 0.38599000000000006]]
2 346.862 [-0.03365292137695224, -0.18950245215990538] [0.2832542855951095, -0.43946256365155995] [[-0.03702000000000005, -0.2040200000000001], [0, 0], [0.005739999999999856, -0.21283999999999992], [0, 0], [0, 0], [0.041589999999999794, -0.18713000000000002], [-0.01900999999999997, -0.2047000000000001], [-0.013579999999999925, -0.2417499999999999], [-0.030690000000000106, -0.21197], [0.06959999999999988, -0.26598999999999995], [0.01576999999999984, -0.21124999999999994], [0.0110800000000002, -0.20048], [-0.4294800000000001, -0.2860799999999999], [-0.37521000000000004, -0.43379999999999996], [0.35736999999999997, 0.38599000000000006]]
2 351.869 [-0.036182214000590886, -0.18717308678712535] [0.2832542855951095, -0.43946256365155995] [[-0.04283999999999999, -0.19355999999999995], [0, 0], [0.005739999999999856, -0.21283999999999992], [0, 0], [0, 0], [0.041589999999999794, -0.18713000000000002], [-0.045989999999999975, -0.18489], [-0.013579999999999925, -0.2417499999999999], [-0.03069999999999995, -0.21197], [0.06959999999999988, -0.26598999999999995], [0.01576999999999984, -0.21124999999999994], [0.0110800000000002, -0.20048], [-0.4294800000000001, -0.2860799999999999], [-0.37521000000000004, -0.43379999999999996], [0.35736999999999997, 0.38599000000000006]]
2 356.877 [-0.03752549959792944, -0.1860583385980527] [0.2832542855951095, -0.43946256365155995] [[-0.0499099999999999, -0.18757000000000001], [0, 0], [0.005729999999999791, -0.21283999999999992], [0, 0], [0, 0], [0.041589999999999794, -0.18713000000000002], [-0.04937999999999998, -0.18226999999999993], [-0.013579999999999925, -0.2417499999999999], [-0.03394000000000008, -0.20948999999999995], [0.06959999999999988, -0.26598999999999995], [0.01576999999999984, -0.21124999999999994], [0.0110800000000002, -0.20048], [-0.4294800000000001, -0.2860799999999999], [-0.37521000000000004, -0.43379999999999996], [0.35736999999999997, 0.38599000000000006]]
2 361.885 [-0.03789676257160682, -0.18568522621848133] [0.2832542855951095, -0.43946256365155995] [[-0.0499099999999999, -0.18757000000000001], [0, 0], [0.005729999999999791, -0.21283999999999992], [0, 0], [0, 0], [0.041589999999999794, -0.18713000000000002], [-0.05049999999999999, -0.18104999999999993], [-0.013579999999999925, -0.2417499999999999], [-0.03723999999999994, -0.20625000000000004], [0.06959999999999988, -0.26598999999999995], [0.01576999999999984, -0.21124999999999994], [0.0110800000000002, -0.20048], [-0.4294800000000001, -0.2860799999999999], [-0.37521000000000004, -0.43379999999999996], [0.35736999999999997, 0.38599000000000006]]
2 366.894 [-0.03826459606500147, -0.1851106881229277] [0.2832542855951095, -0.43946256365155995] [[-0.0545500000000001, -0.18064999999999998], [0, 0], [0.005729999999999791, -0.21283999999999992], [0, 0], [0, 0], [0.041589999999999794, -0.18713000000000002], [-0.05025999999999997, -0.18108999999999997], [-0.013579999999999925, -0.2417499999999999], [-0.03723999999999994, -0.20625000000000004], [0.06959999999999988, -0.26598999999999995], [0.01576999999999984, -0.21124999999999994], [0.0110800000000002, -0.20048], [-0.4294800000000001, -0.2860799999999999], [-0.37521000000000004, -0.43379999999999996], [0.35736999999999997, 0.38599000000000006]]
2 371.902 [-0.048492442342290526, -0.1778059122328945] [0.2832542855951095, -0.43946256365155995] [[-0.06581999999999999, -0.17216999999999993], [0, 0], [0.005729999999999791, -0.21283999999999992], [0, 0], [0, 0], [0.041589999999999794, -0.18713000000000002], [-0.05198999999999998, -0.1798200000000001], [-0.013579999999999925, -0.2417499999999999], [-0.03723999999999994, -0.20625000000000004], [-0.040569999999999995, -0.18775999999999993], [0.01576999999999984, -0.21124999999999994], [0.0110800000000002, -0.20048], [-0.4294800000000001, -0.2860799999999999], [-0.37521000000000004, -0.43379999999999996], [0.35736999999999997, 0.38599000000000006]]
2 376.91 [-0.04861166443332448, -0.1777150062508914] [0.2832542855951095, -0.43946256365155995] [[-0.06641999999999992, -0.17171000000000003], [0, 0], [0.005729999999999791, -0.21283999999999992], [0, 0], [0, 0], [0.041589999999999794, -0.18713000000000002], [-0.052119999999999944, -0.1797200000000001], [-0.013579999999999925, -0.2417499999999999], [-0.03723999999999994, -0.20625000000000004], [-0.04082999999999992, -0.18755999999999995], [0.01576999999999984, -0.21124999999999994], [0.0110800000000002, -0.20048], [-0.4294800000000001, -0.2860799999999999], [-0.37521000000000004, -0.43379999999999996], [0.35736999999999997, 0.38599000000000006]]
2 381.918 [-0.04861166666666066, -0.1777150000000168] [0.2832542855951095, -0.43946256365155995] [[-0.06641999999999992, -0.17171000000000003], [0, 0], [0.005729999999999791, -0.21283999999999992], [0, 0], [0, 0], [0.041589999999999794, -0.18713000000000002], [-0.052119999999999944, -0.1797200000000001], [-0.013579999999999925, -0.2417499999999999], [-0.03723999999999994, -0.20625000000000004], [-0.04082999999999992, -0.18755999999999995], [0.01576999999999984, -0.21124999999999994], [0.0110800000000002, -0.20048], [-0.4294800000000001, -0.2860799999999999], [-0.37521000000000004, -0.43379999999999996], [0.35736999999999997, 0.38599000000000006]]
2 386.926 [-0.048611666666666685, -0.17771499999999996] [0.2832542855951095, -0.43946256365155995] [[-0.06641999999999992, -0.17171000000000003], [0, 0], [0.005729999999999791, -0.21283999999999992], [0, 0], [0, 0], [0.041589999999999794, -0.18713000000000002], [-0.052119999999999944, -0.1797200000000001], [-0.013579999999999925, -0.2417499999999999], [-0.03723999999999994, -0.20625000000000004], [-0.04082999999999992, -0.18755999999999995], [0.01576999999999984, -0.21124999999999994], [0.0110800000000002, -0.20048], [-0.4294800000000001, -0.2860799999999999], [-0.37521000000000004, -0.43379999999999996], [0.35736999999999997, 0.38599000000000006]]
2 391.934 [-0.05334885373994845, -0.17738365725989985] [0.2832542855951095, -0.43946256365155995] [[-0.06641999999999992, -0.17171000000000003], [0, 0], [0.005729999999999791, -0.21283999999999992], [0, 0], [0, 0], [0.041589999999999794, -0.18713000000000002], [-0.052119999999999944, -0.1797200000000001], [-0.013579999999999925, -0.2417499999999999], [-0.03723999999999994, -0.20625000000000004], [-0.04115000000000002, -0.18755999999999995], [0.01576999999999984, -0.21124999999999994], [-0.04567999999999994, -0.19629000000000008], [-0.4294800000000001, -0.2860799999999999], [-0.37521000000000004, -0.43379999999999996], [0.35736999999999997, 0.38599000000000006]]
2 396.942 [-0.0537041664638271, -0.1770907694291496] [0.2832542855951095, -0.43946256365155995] [[-0.06641999999999992, -0.17171000000000003], [0, 0], [0.005729999999999791, -0.21283999999999992], [0, 0], [0, 0], [0.041589999999999794, -0.18713000000000002], [-0.052119999999999944, -0.1797200000000001], [-0.013579999999999925, -0.2417499999999999], [-0.03723999999999994, -0.20625000000000004], [-0.04116999999999993, -0.18754000000000004], [0.01576999999999984, -0.21124999999999994], [-0.050000000000000044, -0.19276000000000004], [-0.4294800000000001, -0.2860799999999999], [-0.37521000000000004, -0.43379999999999996], [0.35736999999999997, 0.38599000000000006]]
2 401.95 [-0.0541050638287457, -0.1765216031564544] [0.2832542855951095, -0.43946256365155995] [[-0.06641999999999992, -0.17171000000000003], [0, 0], [0.005729999999999791, -0.21283999999999992], [0, 0], [0, 0], [0.041589999999999794, -0.18713000000000002], [-0.052119999999999944, -0.1797200000000001], [-0.013579999999999925, -0.2417499999999999], [-0.03723999999999994, -0.20625000000000004], [-0.04116999999999993, -0.18754000000000004], [0.01576999999999984, -0.21124999999999994], [-0.05484, -0.18565999999999994], [-0.4294800000000001, -0.2860799999999999], [-0.37521000000000004, -0.43379999999999996], [0.35736999999999997, 0.38599000000000006]]
2 406.959 [-0.059728994823667114, -0.1744354827093512] [0.2832542855951095, -0.43946256365155995] [[-0.06462999999999997, -0.1700299999999999], [0, 0], [0.005729999999999791, -0.21283999999999992], [0, 0], [0, 0], [-0.024699999999999944, -0.1660600000000001], [-0.05489999999999995, -0.17789999999999995], [-0.013579999999999925, -0.2417499999999999], [-0.03723999999999994, -0.20625000000000004], [-0.04116999999999993, -0.18754000000000004], [0.01576999999999984, -0.21124999999999994], [-0.05484, -0.18565999999999994], [-0.4294800000000001, -0.2860799999999999], [-0.37521000000000004, -0.43379999999999996], [0.35736999999999997, 0.38599000000000006]]
2 411.967 [-0.05979665361047699, -0.17433501823487835] [0.2832542855951095, -0.43946256365155995] [[-0.06496999999999997, -0.1697599999999999], [0, 0], [0.005729999999999791, -0.21283999999999992], [0, 0], [0, 0], [-0.02517999999999998, -0.1653199999999999], [-0.05475999999999992, -0.17775999999999992], [-0.013579999999999925, -0.2417499999999999], [-0.03723999999999994, -0.20625000000000004], [-0.04116999999999993, -0.18754000000000004], [0.01576999999999984, -0.21124999999999994], [-0.05484, -0.18565999999999994], [-0.4294800000000001, -0.2860799999999999], [-0.37521000000000004, -0.43379999999999996], [0.35736999999999997, 0.38599000000000006]]
2 416.975 [-0.059804165703780096, -0.17432916757121253] [0.2832542855951095, -0.43946256365155995] [[-0.06498000000000004, -0.16975000000000007], [0, 0], [0.005729999999999791, -0.21283999999999992], [0, 0], [0, 0], [-0.02526000000000006, -0.16525999999999996], [-0.05475999999999992, -0.17775999999999992], [-0.013579999999999925, -0.2417499999999999], [-0.03723999999999994, -0.20625000000000004], [-0.04116999999999993, -0.18754000000000004], [0.01576999999999984, -0.21124999999999994], [-0.05484, -0.18565999999999994], [-0.4294800000000001, -0.2860799999999999], [-0.37521000000000004, -0.43379999999999996], [0.35736999999999997, 0.38599000000000006]]
2 421.983 [-0.059804166666664105, -0.17432916666666906] [0.2832542855951095, -0.43946256365155995] [[-0.06498000000000004, -0.16975000000000007], [0, 0], [0.005729999999999791, -0.21283999999999992], [0, 0], [0, 0], [-0.02526000000000006, -0.16525999999999996], [-0.05475999999999992, -0.17775999999999992], [-0.013579999999999925, -0.2417499999999999], [-0.03723999999999994, -0.20625000000000004], [-0.04116999999999993, -0.18754000000000004], [0.01576999999999984, -0.21124999999999994], [-0.05484, -0.18565999999999994], [-0.4294800000000001, -0.2860799999999999], [-0.37521000000000004, -0.43379999999999996], [0.35736999999999997, 0.38599000000000006]]
2 426.99 [-0.05980416666666669, -0.17432833336251063] [0.2832542855951095, -0.43946256365155995] [[-0.06498000000000004, -0.16975000000000007], [0, 0], [0.005729999999999791, -0.21283999999999992], [0, 0], [0, 0], [-0.02526000000000006, -0.16525999999999996], [-0.05475999999999992, -0.17775000000000007], [-0.013579999999999925, -0.2417499999999999], [-0.03723999999999994, -0.20625000000000004], [-0.04116999999999993, -0.18754000000000004], [0.01576999999999984, -0.21124999999999994], [-0.05484, -0.18565999999999994], [-0.4294800000000001, -0.2860799999999999], [-0.37521000000000004, -0.43379999999999996], [0.35736999999999997, 0.38599000000000006]]
2 431.998 [-0.06077047036751751, -0.17357286643791653] [0.2832542855951095, -0.43946256365155995] [[-0.06498000000000004, -0.16975000000000007], [0, 0], [0.005729999999999791, -0.21283999999999992], [0, 0], [0, 0], [-0.02526000000000006, -0.16525999999999996], [-0.06635999999999997, -0.16867999999999994], [-0.013579999999999925, -0.2417499999999999], [-0.03723999999999994, -0.20625000000000004], [-0.04116999999999993, -0.18754000000000004], [0.01576999999999984, -0.21124999999999994], [-0.05484, -0.18565999999999994], [-0.4294800000000001, -0.2860799999999999], [-0.37521000000000004, -0.43379999999999996], [0.35736999999999997, 0.38599000000000006]]
2 437.007 [-0.06286960511097807, -0.17183193591817358] [0.2832542855951095, -0.43946256365155995] [[-0.06498000000000004, -0.16975000000000007], [0, 0], [0.005729999999999791, -0.21283999999999992], [0, 0], [0, 0], [-0.02526000000000006, -0.16525999999999996], [-0.07163999999999993, -0.16659000000000002], [-0.013579999999999925, -0.2417499999999999], [-0.03723999999999994, -0.20625000000000004], [-0.06108000000000002, -0.1687399999999999], [0.01576999999999984, -0.21124999999999994], [-0.05484, -0.18565999999999994], [-0.4294800000000001, -0.2860799999999999], [-0.37521000000000004, -0.43379999999999996], [0.35736999999999997, 0.38599000000000006]]
2 442.015 [-0.06851054113491263, -0.16949344321583198] [0.2832542855951095, -0.43946256365155995] [[-0.06498000000000004, -0.16975000000000007], [0, 0], [-0.061369999999999925, -0.18504999999999994], [0, 0], [0, 0], [-0.02526000000000006, -0.16525999999999996], [-0.07163999999999993, -0.16659000000000002], [-0.013579999999999925, -0.2417499999999999], [-0.03723999999999994, -0.20625000000000004], [-0.06166999999999989, -0.1684699999999999], [0.01576999999999984, -0.21124999999999994], [-0.05484, -0.18565999999999994], [-0.4294800000000001, -0.2860799999999999], [-0.37521000000000004, -0.43379999999999996], [0.35736999999999997, 0.38599000000000006]]
2 447.023 [-0.06877020576887023, -0.16934121662256812] [0.2832542855951095, -0.43946256365155995] [[-0.06712999999999991, -0.16840999999999995], [0, 0], [-0.06143999999999994, -0.1850099999999999], [0, 0], [0, 0], [-0.02526000000000006, -0.16525999999999996], [-0.07254000000000005, -0.16613999999999995], [-0.013579999999999925, -0.2417499999999999], [-0.03723999999999994, -0.20625000000000004], [-0.06166999999999989, -0.1684699999999999], [0.01576999999999984, -0.21124999999999994], [-0.05484, -0.18565999999999994], [-0.4294800000000001, -0.2860799999999999], [-0.37521000000000004, -0.43379999999999996], [0.35736999999999997, 0.38599000000000006]]
2 452.031 [-0.06877833328451054, -0.1693375000100099] [0.2832542855951095, -0.43946256365155995] [[-0.06720999999999999, -0.1683699999999999], [0, 0], [-0.061450000000000005, -0.1850099999999999], [0, 0], [0, 0], [-0.02526000000000006, -0.16525999999999996], [-0.07254000000000005, -0.16613999999999995], [-0.013579999999999925, -0.2417499999999999], [-0.03723999999999994, -0.20625000000000004], [-0.06166999999999989, -0.1684699999999999], [0.01576999999999984, -0.21124999999999994], [-0.05484, -0.18565999999999994], [-0.4294800000000001, -0.2860799999999999], [-0.37521000000000004, -0.43379999999999996], [0.35736999999999997, 0.38599000000000006]]
2 457.039 [-0.06946058185404327, -0.16892140532544378] [0.2832542855951095, -0.43946256365155995] [[-0.07240000000000002, -0.16640999999999995], [0, 0], [-0.061450000000000005, -0.1850099999999999], [0, 0], [0, 0], [-0.02526000000000006, -0.16525999999999996], [-0.07580000000000009, -0.16286], [-0.013579999999999925, -0.2417499999999999], [-0.03723999999999994, -0.20625000000000004], [-0.06166999999999989, -0.1684699999999999], [0.01576999999999984, -0.21124999999999994], [-0.05484, -0.18565999999999994], [-0.4294800000000001, -0.2860799999999999], [-0.37521000000000004, -0.43379999999999996], [0.35736999999999997, 0.38599000000000006]]
2 462.047 [-0.07134044789581774, -0.16716532011485621] [0.2832542855951095, -0.43946256365155995] [[-0.07522999999999991, -0.16361000000000003], [0, 0], [-0.061450000000000005, -0.1850099999999999], [0, 0], [0, 0], [-0.02526000000000006, -0.16525999999999996], [-0.07688000000000006, -0.16176999999999997], [-0.013579999999999925, -0.2417499999999999], [-0.03723999999999994, -0.20625000000000004], [-0.06166999999999989, -0.1684699999999999], [0.01576999999999984, -0.21124999999999994], [-0.07475999999999994, -0.16731000000000007], [-0.4294800000000001, -0.2860799999999999], [-0.37521000000000004, -0.43379999999999996], [0.35736999999999997, 0.38599000000000006]]
2 467.055 [-0.07169163512494958, -0.16690169536005284] [0.2832542855951095, -0.43946256365155995] [[-0.07599, -0.16301999999999994], [0, 0], [-0.061450000000000005, -0.1850099999999999], [0, 0], [0, 0], [-0.02526000000000006, -0.16525999999999996], [-0.07688000000000006, -0.16176999999999997], [-0.013579999999999925, -0.2417499999999999], [-0.03723999999999994, -0.20625000000000004], [-0.06166999999999989, -0.1684699999999999], [0.01576999999999984, -0.21124999999999994], [-0.07668000000000008, -0.16615000000000002], [-0.4294800000000001, -0.2860799999999999], [-0.37521000000000004, -0.43379999999999996], [0.35736999999999997, 0.38599000000000006]]
2 472.063 [-0.0697683875774905, -0.16840315181848148] [0.2832542855951095, -0.43946256365155995] [[-0.07599, -0.16301999999999994], [0, 0], [-0.061450000000000005, -0.1850099999999999], [0, 0], [-0.046599999999999975, -0.1865699999999999], [-0.02526000000000006, -0.16525999999999996], [-0.07688000000000006, -0.16176999999999997], [-0.013579999999999925, -0.2417499999999999], [-0.03723999999999994, -0.20625000000000004], [-0.06166999999999989, -0.1684699999999999], [0.01576999999999984, -0.21124999999999994], [-0.07677, -0.16599999999999993], [-0.4294800000000001, -0.2860799999999999], [-0.37521000000000004, -0.43379999999999996], [0.35736999999999997, 0.38599000000000006]]
2 477.071 [-0.06992544006661583, -0.16827141634280315] [0.2832542855951095, -0.43946256365155995] [[-0.07599, -0.16301999999999994], [0, 0], [-0.061450000000000005, -0.1850099999999999], [0, 0], [-0.05071000000000003, -0.1834499999999999], [-0.02526000000000006, -0.16525999999999996], [-0.07688000000000006, -0.16176999999999997], [-0.013579999999999925, -0.2417499999999999], [-0.03723999999999994, -0.20625000000000004], [-0.06166999999999989, -0.1684699999999999], [0.01576999999999984, -0.21124999999999994], [-0.07471000000000005, -0.1674], [-0.4294800000000001, -0.2860799999999999], [-0.37521000000000004, -0.43379999999999996], [0.35736999999999997, 0.38599000000000006]]
2 482.079 [-0.06992692307416568, -0.16827076923197234] [0.2832542855951095, -0.43946256365155995] [[-0.07599, -0.16301999999999994], [0, 0], [-0.061450000000000005, -0.1850099999999999], [0, 0], [-0.0507200000000001, -0.1834499999999999], [-0.02526000000000006, -0.16525999999999996], [-0.07688000000000006, -0.16176999999999997], [-0.013579999999999925, -0.2417499999999999], [-0.03723999999999994, -0.20625000000000004], [-0.06166999999999989, -0.1684699999999999], [0.01576999999999984, -0.21124999999999994], [-0.07471000000000005, -0.1674], [-0.4294800000000001, -0.2860799999999999], [-0.37521000000000004, -0.43379999999999996], [0.35736999999999997, 0.38599000000000006]]
2 487.087 [-0.0699269230769231, -0.16827076923076914] [0.2832542855951095, -0.43946256365155995] [[-0.07599, -0.16301999999999994], [0, 0], [-0.061450000000000005, -0.1850099999999999], [0, 0], [-0.0507200000000001, -0.1834499999999999], [-0.02526000000000006, -0.16525999999999996], [-0.07688000000000006, -0.16176999999999997], [-0.013579999999999925, -0.2417499999999999], [-0.03723999999999994, -0.20625000000000004], [-0.06166999999999989, -0.1684699999999999], [0.01576999999999984, -0.21124999999999994], [-0.07471000000000005, -0.1674], [-0.4294800000000001, -0.2860799999999999], [-0.37521000000000004, -0.43379999999999996], [0.35736999999999997, 0.38599000000000006]]
2 492.095 [-0.07101070916679635, -0.16737242252255236] [0.2832542855951095, -0.43946256365155995] [[-0.0805499999999999, -0.15869], [0, 0], [-0.061450000000000005, -0.1850099999999999], [0, 0], [-0.05505000000000004, -0.18023999999999996], [-0.02526000000000006, -0.16525999999999996], [-0.07688000000000006, -0.16176999999999997], [-0.013579999999999925, -0.2417499999999999], [-0.03723999999999994, -0.20625000000000004], [-0.06166999999999989, -0.1684699999999999], [0.01576999999999984, -0.21124999999999994], [-0.08065999999999995, -0.16260999999999992], [-0.4294800000000001, -0.2860799999999999], [-0.37521000000000004, -0.43379999999999996], [0.35736999999999997, 0.38599000000000006]]
2 497.103 [-0.07107461457783436, -0.16731616194595716] [0.2832542855951095, -0.43946256365155995] [[-0.08051000000000008, -0.1587099999999999], [0, 0], [-0.061450000000000005, -0.1850099999999999], [0, 0], [-0.05505000000000004, -0.18023999999999996], [-0.02526000000000006, -0.16525999999999996], [-0.07688000000000006, -0.16176999999999997], [-0.013579999999999925, -0.2417499999999999], [-0.03723999999999994, -0.20625000000000004], [-0.06166999999999989, -0.1684699999999999], [0.01576999999999984, -0.21124999999999994], [-0.08078000000000007, -0.16250999999999993], [-0.4294800000000001, -0.2860799999999999], [-0.37521000000000004, -0.43379999999999996], [0.35736999999999997, 0.38599000000000006]]
2 502.111 [-0.07107461538461392, -0.1673161538461688] [0.2832542855951095, -0.43946256365155995] [[-0.08051000000000008, -0.1587099999999999], [0, 0], [-0.061450000000000005, -0.1850099999999999], [0, 0], [-0.05505000000000004, -0.18023999999999996], [-0.02526000000000006, -0.16525999999999996], [-0.07688000000000006, -0.16176999999999997], [-0.013579999999999925, -0.2417499999999999], [-0.03723999999999994, -0.20625000000000004], [-0.06166999999999989, -0.1684699999999999], [0.01576999999999984, -0.21124999999999994], [-0.08078000000000007, -0.16250999999999993], [-0.4294800000000001, -0.2860799999999999], [-0.37521000000000004, -0.43379999999999996], [0.35736999999999997, 0.38599000000000006]]
2 507.12 [-0.0711196153846154, -0.16729329670329665] [0.2832542855951095, -0.43946256365155995] [[-0.08051000000000008, -0.1587099999999999], [0, 0], [-0.061450000000000005, -0.1850099999999999], [0, 0], [-0.05505000000000004, -0.18023999999999996], [-0.02526000000000006, -0.16525999999999996], [-0.07688000000000006, -0.16176999999999997], [-0.013579999999999925, -0.2417499999999999], [-0.03723999999999994, -0.20625000000000004], [-0.06166999999999989, -0.1684699999999999], [0.01576999999999984, -0.21124999999999994], [-0.08140999999999998, -0.16219000000000006], [-0.4294800000000001, -0.2860799999999999], [-0.37521000000000004, -0.43379999999999996], [0.35736999999999997, 0.38599000000000006]]
2 512.127 [-0.07148138552689243, -0.1675268380423645] [0.2832542855951095, -0.43946256365155995] [[-0.08281000000000005, -0.1602300000000001], [0, 0], [-0.061450000000000005, -0.1850099999999999], [0, 0], [-0.05505000000000004, -0.18023999999999996], [-0.02526000000000006, -0.16525999999999996], [-0.07688000000000006, -0.16176999999999997], [-0.013579999999999925, -0.2417499999999999], [-0.03723999999999994, -0.20625000000000004], [-0.06166999999999989, -0.1684699999999999], [0.01576999999999984, -0.21124999999999994], [-0.0837699999999999, -0.16372999999999993], [-0.4294800000000001, -0.2860799999999999], [-0.37521000000000004, -0.43379999999999996], [0.35736999999999997, 0.38599000000000006]]
2 517.136 [-0.07148307691993204, -0.1675276923061039] [0.2832542855951095, -0.43946256365155995] [[-0.08282999999999996, -0.16023999999999994], [0, 0], [-0.061450000000000005, -0.1850099999999999], [0, 0], [-0.05505000000000004, -0.18023999999999996], [-0.02526000000000006, -0.16525999999999996], [-0.07688000000000006, -0.16176999999999997], [-0.013579999999999925, -0.2417499999999999], [-0.03723999999999994, -0.20625000000000004], [-0.06166999999999989, -0.1684699999999999], [0.01576999999999984, -0.21124999999999994], [-0.0837699999999999, -0.16372999999999993], [-0.4294800000000001, -0.2860799999999999], [-0.37521000000000004, -0.43379999999999996], [0.35736999999999997, 0.38599000000000006]]
2 522.143 [-0.0744245301865981, -0.16515771549371597] [0.2832542855951095, -0.43946256365155995] [[-0.08584999999999998, -0.15822000000000003], [0, 0], [-0.061450000000000005, -0.1850099999999999], [0, 0], [-0.05505000000000004, -0.18023999999999996], [-0.02526000000000006, -0.16525999999999996], [-0.07688000000000006, -0.16176999999999997], [-0.013579999999999925, -0.2417499999999999], [-0.07227000000000006, -0.17761000000000005], [-0.06166999999999989, -0.1684699999999999], [0.01576999999999984, -0.21124999999999994], [-0.08396000000000003, -0.16358000000000006], [-0.4294800000000001, -0.2860799999999999], [-0.37521000000000004, -0.43379999999999996], [0.35736999999999997, 0.38599000000000006]]
2 527.151 [-0.07446075605501093, -0.16513154799286656] [0.2832542855951095, -0.43946256365155995] [[-0.08584999999999998, -0.15822000000000003], [0, 0], [-0.061450000000000005, -0.1850099999999999], [0, 0], [-0.05505000000000004, -0.18023999999999996], [-0.02526000000000006, -0.16525999999999996], [-0.07688000000000006, -0.16176999999999997], [-0.013579999999999925, -0.2417499999999999], [-0.07274000000000003, -0.17727000000000004], [-0.06166999999999989, -0.1684699999999999], [0.01576999999999984, -0.21124999999999994], [-0.08396000000000003, -0.16358000000000006], [-0.4294800000000001, -0.2860799999999999], [-0.37521000000000004, -0.43379999999999996], [0.35736999999999997, 0.38599000000000006]]
2 532.16 [-0.07446076923074475, -0.16513153846155612] [0.2832542855951095, -0.43946256365155995] [[-0.08584999999999998, -0.15822000000000003], [0, 0], [-0.061450000000000005, -0.1850099999999999], [0, 0], [-0.05505000000000004, -0.18023999999999996], [-0.02526000000000006, -0.16525999999999996], [-0.07688000000000006, -0.16176999999999997], [-0.013579999999999925, -0.2417499999999999], [-0.07274000000000003, -0.17727000000000004], [-0.06166999999999989, -0.1684699999999999], [0.01576999999999984, -0.21124999999999994], [-0.08396000000000003, -0.16358000000000006], [-0.4294800000000001, -0.2860799999999999], [-0.37521000000000004, -0.43379999999999996], [0.35736999999999997, 0.38599000000000006]]
2 537.168 [-0.07638066016163139, -0.16402755418415402] [0.2832542855951095, -0.43946256365155995] [[-0.08767999999999998, -0.15602000000000005], [0, 0], [-0.061450000000000005, -0.1850099999999999], [0, 0], [-0.05505000000000004, -0.18023999999999996], [-0.02526000000000006, -0.16525999999999996], [-0.07688000000000006, -0.16176999999999997], [-0.013579999999999925, -0.2417499999999999], [-0.07274000000000003, -0.17727000000000004], [-0.08492999999999995, -0.15616000000000008], [0.01576999999999984, -0.21124999999999994], [-0.08396000000000003, -0.16358000000000006], [-0.4294800000000001, -0.2860799999999999], [-0.37521000000000004, -0.43379999999999996], [0.35736999999999997, 0.38599000000000006]]
2 542.177 [-0.07640307684420958, -0.16400769628643233] [0.2832542855951095, -0.43946256365155995] [[-0.08783999999999992, -0.15592000000000006], [0, 0], [-0.061450000000000005, -0.1850099999999999], [0, 0], [-0.05505000000000004, -0.18023999999999996], [-0.02526000000000006, -0.16525999999999996], [-0.07688000000000006, -0.16176999999999997], [-0.013579999999999925, -0.2417499999999999], [-0.07274000000000003, -0.17727000000000004], [-0.08492999999999995, -0.15616000000000008], [0.01576999999999984, -0.21124999999999994], [-0.08396000000000003, -0.16358000000000006], [-0.4294800000000001, -0.2860799999999999], [-0.37521000000000004, -0.43379999999999996], [0.35736999999999997, 0.38599000000000006]]
2 547.185 [-0.07822527080062781, -0.16181815149137316] [0.2832542855951095, -0.43946256365155995] [[-0.08783999999999992, -0.15592000000000006], [0, 0], [-0.061450000000000005, -0.1850099999999999], [0, 0], [-0.05505000000000004, -0.18023999999999996], [-0.02526000000000006, -0.16525999999999996], [-0.07688000000000006, -0.16176999999999997], [-0.013579999999999925, -0.2417499999999999], [-0.09654999999999991, -0.14866000000000001], [-0.08492999999999995, -0.15616000000000008], [0.01576999999999984, -0.21124999999999994], [-0.08396000000000003, -0.16358000000000006], [-0.4294800000000001, -0.2860799999999999], [-0.37521000000000004, -0.43379999999999996], [0.35736999999999997, 0.38599000000000006]]
2 552.193 [-0.07988645210193449, -0.16069090268963723] [0.2832542855951095, -0.43946256365155995] [[-0.0879700000000001, -0.15576999999999996], [0, 0], [-0.061450000000000005, -0.1850099999999999], [0, 0], [-0.05505000000000004, -0.18023999999999996], [-0.02526000000000006, -0.16525999999999996], [-0.09838999999999998, -0.14728999999999992], [-0.013579999999999925, -0.2417499999999999], [-0.09654999999999991, -0.14866000000000001], [-0.08492999999999995, -0.15616000000000008], [0.01576999999999984, -0.21124999999999994], [-0.08396000000000003, -0.16358000000000006], [-0.4294800000000001, -0.2860799999999999], [-0.37521000000000004, -0.43379999999999996], [0.35736999999999997, 0.38599000000000006]]
2 557.201 [-0.0799153845058088, -0.16067000009464558] [0.2832542855951095, -0.43946256365155995] [[-0.08810999999999991, -0.15566999999999998], [0, 0], [-0.061450000000000005, -0.1850099999999999], [0, 0], [-0.05505000000000004, -0.18023999999999996], [-0.02526000000000006, -0.16525999999999996], [-0.09845999999999999, -0.14724000000000004], [-0.013579999999999925, -0.2417499999999999], [-0.09654999999999991, -0.14866000000000001], [-0.08492999999999995, -0.15616000000000008], [0.01576999999999984, -0.21124999999999994], [-0.08396000000000003, -0.16358000000000006], [-0.4294800000000001, -0.2860799999999999], [-0.37521000000000004, -0.43379999999999996], [0.35736999999999997, 0.38599000000000006]]
2 562.21 [-0.0877023161022649, -0.15687815597667654] [0.2832542855951095, -0.43946256365155995] [[-0.08810999999999991, -0.15566999999999998], [0, 0], [-0.09904000000000002, -0.14734000000000003], [0, 0], [-0.05505000000000004, -0.18023999999999996], [-0.09518000000000004, -0.15063000000000004], [-0.09847000000000006, -0.14724000000000004], [-0.013579999999999925, -0.2417499999999999], [-0.09793999999999992, -0.1479299999999999], [-0.08492999999999995, -0.15616000000000008], [0.01576999999999984, -0.21124999999999994], [-0.08396000000000003, -0.16358000000000006], [-0.4294800000000001, -0.2860799999999999], [-0.37521000000000004, -0.43379999999999996], [0.35736999999999997, 0.38599000000000006]]
2 567.218 [-0.08872684079237095, -0.1563213142741045] [0.2832542855951095, -0.43946256365155995] [[-0.08810999999999991, -0.15566999999999998], [0, 0], [-0.10085999999999995, -0.14616000000000007], [0, 0], [-0.05505000000000004, -0.18023999999999996], [-0.09739000000000009, -0.1492500000000001], [-0.09847000000000006, -0.14724000000000004], [-0.013579999999999925, -0.2417499999999999], [-0.09956000000000009, -0.1469800000000001], [-0.08492999999999995, -0.15616000000000008], [0.01576999999999984, -0.21124999999999994], [-0.08396000000000003, -0.16358000000000006], [-0.4294800000000001, -0.2860799999999999], [-0.37521000000000004, -0.43379999999999996], [0.35736999999999997, 0.38599000000000006]]
2 572.226 [-0.08879064864498573, -0.1562462716266181] [0.2832542855951095, -0.43946256365155995] [[-0.08810999999999991, -0.15566999999999998], [0, 0], [-0.10095999999999994, -0.14606000000000008], [0, 0], [-0.05505000000000004, -0.18023999999999996], [-0.09810999999999992, -0.14839000000000002], [-0.09847000000000006, -0.14724000000000004], [-0.013579999999999925, -0.2417499999999999], [-0.09956000000000009, -0.14697000000000005], [-0.08492999999999995, -0.15616000000000008], [0.01576999999999984, -0.21124999999999994], [-0.08396000000000003, -0.16358000000000006], [-0.4294800000000001, -0.2860799999999999], [-0.37521000000000004, -0.43379999999999996], [0.35736999999999997, 0.38599000000000006]]
2 577.234 [-0.08881613810586485, -0.15623231164148796] [0.2832542855951095, -0.43946256365155995] [[-0.08810999999999991, -0.15566999999999998], [0, 0], [-0.10097, -0.14605], [0, 0], [-0.05505000000000004, -0.18023999999999996], [-0.09810999999999992, -0.14839000000000002], [-0.09847000000000006, -0.14724000000000004], [-0.013579999999999925, -0.2417499999999999], [-0.09987999999999997, -0.14680000000000004], [-0.08492999999999995, -0.15616000000000008], [0.01576999999999984, -0.21124999999999994], [-0.08396000000000003, -0.16358000000000006], [-0.4294800000000001, -0.2860799999999999], [-0.37521000000000004, -0.43379999999999996], [0.35736999999999997, 0.38599000000000006]]
2 582.243 [-0.0888161538461246, -0.15623230769231503] [0.2832542855951095, -0.43946256365155995] [[-0.08810999999999991, -0.15566999999999998], [0, 0], [-0.10097, -0.14605], [0, 0], [-0.05505000000000004, -0.18023999999999996], [-0.09810999999999992, -0.14839000000000002], [-0.09847000000000006, -0.14724000000000004], [-0.013579999999999925, -0.2417499999999999], [-0.09987999999999997, -0.14680000000000004], [-0.08492999999999995, -0.15616000000000008], [0.01576999999999984, -0.21124999999999994], [-0.08396000000000003, -0.16358000000000006], [-0.4294800000000001, -0.2860799999999999], [-0.37521000000000004, -0.43379999999999996], [0.35736999999999997, 0.38599000000000006]]
2 587.251 [-0.0890696318240797, -0.15610180894178707] [0.2832542855951095, -0.43946256365155995] [[-0.08810999999999991, -0.15566999999999998], [0, 0], [-0.10097, -0.14605], [0, 0], [-0.05505000000000004, -0.18023999999999996], [-0.09810999999999992, -0.14839000000000002], [-0.10176999999999992, -0.14554], [-0.013579999999999925, -0.2417499999999999], [-0.09987999999999997, -0.14680000000000004], [-0.08492999999999995, -0.15616000000000008], [0.01576999999999984, -0.21124999999999994], [-0.08396000000000003, -0.16358000000000006], [-0.4294800000000001, -0.2860799999999999], [-0.37521000000000004, -0.43379999999999996], [0.35736999999999997, 0.38599000000000006]]
2 592.259 [-0.08906999999931543, -0.15610153846204136] [0.2832542855951095, -0.43946256365155995] [[-0.08810999999999991, -0.15566999999999998], [0, 0], [-0.10097, -0.14605], [0, 0], [-0.05505000000000004, -0.18023999999999996], [-0.09810999999999992, -0.14839000000000002], [-0.10176999999999992, -0.14554], [-0.013579999999999925, -0.2417499999999999], [-0.09987999999999997, -0.14680000000000004], [-0.08492999999999995, -0.15616000000000008], [0.01576999999999984, -0.21124999999999994], [-0.08396000000000003, -0.16358000000000006], [-0.4294800000000001, -0.2860799999999999], [-0.37521000000000004, -0.43379999999999996], [0.35736999999999997, 0.38599000000000006]]
2 597.267 [-0.08954229305497709, -0.15572232303046807] [0.2832542855951095, -0.43946256365155995] [[-0.08810999999999991, -0.15566999999999998], [0, 0], [-0.10097, -0.14605], [0, 0], [-0.05505000000000004, -0.18023999999999996], [-0.09810999999999992, -0.14839000000000002], [-0.10176999999999992, -0.14554], [-0.013579999999999925, -0.2417499999999999], [-0.09987999999999997, -0.14680000000000004], [-0.09106999999999998, -0.15122999999999998], [0.01576999999999984, -0.21124999999999994], [-0.08396000000000003, -0.16358000000000006], [-0.4294800000000001, -0.2860799999999999], [-0.37521000000000004, -0.43379999999999996], [0.35736999999999997, 0.38599000000000006]]
2 602.274 [-0.08954230769228047, -0.1557223076923362] [0.2832542855951095, -0.43946256365155995] [[-0.08810999999999991, -0.15566999999999998], [0, 0], [-0.10097, -0.14605], [0, 0], [-0.05505000000000004, -0.18023999999999996], [-0.09810999999999992, -0.14839000000000002], [-0.10176999999999992, -0.14554], [-0.013579999999999925, -0.2417499999999999], [-0.09987999999999997, -0.14680000000000004], [-0.09106999999999998, -0.15122999999999998], [0.01576999999999984, -0.21124999999999994], [-0.08396000000000003, -0.16358000000000006], [-0.4294800000000001, -0.2860799999999999], [-0.37521000000000004, -0.43379999999999996], [0.35736999999999997, 0.38599000000000006]]
2 607.283 [-0.08954230769230768, -0.1557223076923077] [0.2832542855951095, -0.43946256365155995] [[-0.08810999999999991, -0.15566999999999998], [0, 0], [-0.10097, -0.14605], [0, 0], [-0.05505000000000004, -0.18023999999999996], [-0.09810999999999992, -0.14839000000000002], [-0.10176999999999992, -0.14554], [-0.013579999999999925, -0.2417499999999999], [-0.09987999999999997, -0.14680000000000004], [-0.09106999999999998, -0.15122999999999998], [0.01576999999999984, -0.21124999999999994], [-0.08396000000000003, -0.16358000000000006], [-0.4294800000000001, -0.2860799999999999], [-0.37521000000000004, -0.43379999999999996], [0.35736999999999997, 0.38599000000000006]]
2 612.29 [-0.08954230769230768, -0.1557223076923077] [0.2832542855951095, -0.43946256365155995] [[-0.08810999999999991, -0.15566999999999998], [0, 0], [-0.10097, -0.14605], [0, 0], [-0.05505000000000004, -0.18023999999999996], [-0.09810999999999992, -0.14839000000000002], [-0.10176999999999992, -0.14554], [-0.013579999999999925, -0.2417499999999999], [-0.09987999999999997, -0.14680000000000004], [-0.09106999999999998, -0.15122999999999998], [0.01576999999999984, -0.21124999999999994], [-0.08396000000000003, -0.16358000000000006], [-0.4294800000000001, -0.2860799999999999], [-0.37521000000000004, -0.43379999999999996], [0.35736999999999997, 0.38599000000000006]]
2 617.299 [-0.08960598116169545, -0.15567526687598113] [0.2832542855951095, -0.43946256365155995] [[-0.08810999999999991, -0.15566999999999998], [0, 0], [-0.10097, -0.14605], [0, 0], [-0.05505000000000004, -0.18023999999999996], [-0.09810999999999992, -0.14839000000000002], [-0.10176999999999992, -0.14554], [-0.013579999999999925, -0.2417499999999999], [-0.09987999999999997, -0.14680000000000004], [-0.09190999999999994, -0.1506099999999999], [0.01576999999999984, -0.21124999999999994], [-0.08396000000000003, -0.16358000000000006], [-0.4294800000000001, -0.2860799999999999], [-0.37521000000000004, -0.43379999999999996], [0.35736999999999997, 0.38599000000000006]]
2 622.307 [-0.08960846151525623, -0.15567384615648774] [0.2832542855951095, -0.43946256365155995] [[-0.08810999999999991, -0.15566999999999998], [0, 0], [-0.10097, -0.14605], [0, 0], [-0.05505000000000004, -0.18023999999999996], [-0.09810999999999992, -0.14839000000000002], [-0.10176999999999992, -0.14554], [-0.013579999999999925, -0.2417499999999999], [-0.09987999999999997, -0.14680000000000004], [-0.09193000000000007, -0.15060000000000007], [0.01576999999999984, -0.21124999999999994], [-0.08396000000000003, -0.16358000000000006], [-0.4294800000000001, -0.2860799999999999], [-0.37521000000000004, -0.43379999999999996], [0.35736999999999997, 0.38599000000000006]]
2 627.314 [-0.09570516265258064, -0.14883107230961454] [0.2832542855951095, -0.43946256365155995] [[-0.08810999999999991, -0.15566999999999998], [0, 0], [-0.10097, -0.14605], [0, 0], [-0.05505000000000004, -0.18023999999999996], [-0.09810999999999992, -0.14839000000000002], [-0.10189000000000004, -0.14539999999999997], [-0.09271999999999991, -0.15293], [-0.09987999999999997, -0.14680000000000004], [-0.09193000000000007, -0.15060000000000007], [0.01576999999999984, -0.21124999999999994], [-0.08396000000000003, -0.16358000000000006], [-0.4294800000000001, -0.2860799999999999], [-0.37521000000000004, -0.43379999999999996], [0.35736999999999997, 0.38599000000000006]]
2 632.322 [-0.09570538461497193, -0.14883076923133273] [0.2832542855951095, -0.43946256365155995] [[-0.08810999999999991, -0.15566999999999998], [0, 0], [-0.10097, -0.14605], [0, 0], [-0.05505000000000004, -0.18023999999999996], [-0.09810999999999992, -0.14839000000000002], [-0.10189000000000004, -0.14539999999999997], [-0.09271999999999991, -0.15293], [-0.09987999999999997, -0.14680000000000004], [-0.09193000000000007, -0.15060000000000007], [0.01576999999999984, -0.21124999999999994], [-0.08396000000000003, -0.16358000000000006], [-0.4294800000000001, -0.2860799999999999], [-0.37521000000000004, -0.43379999999999996], [0.35736999999999997, 0.38599000000000006]]
2 637.331 [-0.09570538461538462, -0.14883076923076918] [0.2832542855951095, -0.43946256365155995] [[-0.08810999999999991, -0.15566999999999998], [0, 0], [-0.10097, -0.14605], [0, 0], [-0.05505000000000004, -0.18023999999999996], [-0.09810999999999992, -0.14839000000000002], [-0.10189000000000004, -0.14539999999999997], [-0.09271999999999991, -0.15293], [-0.09987999999999997, -0.14680000000000004], [-0.09193000000000007, -0.15060000000000007], [0.01576999999999984, -0.21124999999999994], [-0.08396000000000003, -0.16358000000000006], [-0.4294800000000001, -0.2860799999999999], [-0.37521000000000004, -0.43379999999999996], [0.35736999999999997, 0.38599000000000006]]
2 642.338 [-0.09570538461538462, -0.14883076923076918] [0.2832542855951095, -0.43946256365155995] [[-0.08810999999999991, -0.15566999999999998], [0, 0], [-0.10097, -0.14605], [0, 0], [-0.05505000000000004, -0.18023999999999996], [-0.09810999999999992, -0.14839000000000002], [-0.10189000000000004, -0.14539999999999997], [-0.09271999999999991, -0.15293], [-0.09987999999999997, -0.14680000000000004], [-0.09193000000000007, -0.15060000000000007], [0.01576999999999984, -0.21124999999999994], [-0.08396000000000003, -0.16358000000000006], [-0.4294800000000001, -0.2860799999999999], [-0.37521000000000004, -0.43379999999999996], [0.35736999999999997, 0.38599000000000006]]
