ID TIME TPS RAM CPU
0 0.003 368 6.1 16.2
0 0.109 9 6.1 16.2
0 0.21 10 6.1 16.2
0 0.31 10 6.1 16.2
0 0.41 10 6.1 16.2
0 0.51 10 6.1 16.2
0 0.61 10 6.1 16.2
0 0.71 10 6.1 16.2
0 0.809 10 6.1 16.2
0 0.911 10 6.1 16.2
0 1.011 10 6.1 16.2
0 1.114 10 6.1 16.2
0 1.218 10 6.1 16.2
0 1.314 10 6.1 16.2
0 1.415 10 6.1 16.2
0 1.515 10 6.1 16.2
0 1.611 10 6.1 16.2
0 1.715 10 6.1 16.2
0 1.816 10 6.1 16.2
0 1.915 10 6.1 16.2
0 2.015 10 6.1 16.2
0 2.116 10 6.1 16.2
0 2.216 10 6.1 16.2
0 2.316 10 6.1 16.2
0 2.416 10 6.1 16.2
0 2.516 10 6.1 16.2
0 2.617 10 6.1 16.2
0 2.713 10 6.1 16.2
0 2.817 10 6.1 16.2
0 2.917 10 6.1 16.2
0 3.017 10 6.1 16.2
0 3.117 10 6.1 16.2
0 3.217 10 6.1 16.2
0 3.318 10 6.1 16.2
0 3.418 10 6.1 16.2
0 3.514 10 6.1 16.2
0 3.618 10 6.1 16.2
0 3.718 10 6.1 16.2
0 3.819 10 6.1 16.2
0 3.919 10 6.1 16.2
0 4.019 10 6.1 16.2
0 4.119 10 6.1 16.2
0 4.219 10 6.1 16.2
0 4.321 10 6.1 16.2
0 4.419 10 6.1 16.2
0 4.516 10 6.1 16.2
0 4.62 10 6.1 16.2
0 4.72 10 6.1 16.2
0 4.82 10 6.1 16.2
0 4.92 10 6.1 16.2
0 5.02 10 6.1 16.2
0 5.12 10 6.1 16.2
0 5.221 10 6.1 16.2
0 5.317 10 6.1 16.2
0 5.421 10 6.1 16.2
0 5.521 10 6.1 16.2
0 5.622 10 6.1 16.2
0 5.721 10 6.1 16.2
0 5.822 10 6.1 16.2
0 5.921 10 6.1 16.2
0 6.021 10 6.1 16.2
0 6.118 10 6.1 16.2
0 6.223 10 6.1 16.2
0 6.324 10 6.1 16.2
0 6.422 10 6.1 16.2
0 6.522 10 6.1 16.2
0 6.623 10 6.1 16.2
0 6.722 10 6.1 16.2
0 6.819 10 6.1 16.2
0 6.923 10 6.1 16.2
0 7.023 10 6.1 16.2
0 7.123 10 6.1 16.2
0 7.224 10 6.1 16.2
0 7.324 10 6.1 16.2
0 7.424 10 6.1 16.2
0 7.524 10 6.1 16.2
0 7.62 10 6.1 16.2
0 7.724 10 6.1 16.2
0 7.824 10 6.1 16.2
0 7.925 10 6.1 16.2
0 8.025 10 6.1 16.2
0 8.124 10 6.1 16.2
0 8.225 10 6.1 16.2
0 8.325 10 6.1 16.2
0 8.426 10 6.1 16.2
0 8.522 10 6.1 16.2
0 8.625 10 6.1 16.2
0 8.725 10 6.1 16.2
0 8.826 10 6.1 16.2
0 8.926 10 6.1 16.2
0 9.026 10 6.1 16.2
0 9.126 10 6.1 16.2
0 9.223 10 6.1 16.2
0 9.327 10 6.1 16.2
0 9.427 10 6.1 16.2
0 9.527 10 6.1 16.2
0 9.627 10 6.1 16.2
0 9.727 10 6.1 16.2
0 9.827 10 6.1 16.2
0 9.924 10 6.1 16.2
0 10.028 10 1.2 16.2
0 10.127 10 1.2 16.2
0 10.228 10 1.2 16.2
0 10.328 10 1.2 16.2
0 10.428 10 1.2 16.2
0 10.528 10 1.2 16.2
0 10.629 10 1.2 16.2
0 10.729 10 1.2 16.2
0 10.826 10 1.2 16.2
0 10.929 10 1.2 16.2
0 11.029 10 1.2 16.2
0 11.129 10 1.2 16.2
0 11.23 10 1.2 16.2
0 11.331 10 1.2 16.2
0 11.43 10 1.2 16.2
0 11.53 10 1.2 16.2
0 11.627 10 1.2 16.2
0 11.73 10 1.2 16.2
0 11.831 10 1.2 16.2
0 11.931 10 1.2 16.2
0 12.031 10 1.2 16.2
0 12.131 10 1.2 16.2
0 12.231 10 1.2 16.2
0 12.332 10 1.2 16.2
0 12.428 10 1.2 16.2
0 12.532 10 1.2 16.2
0 12.632 10 1.2 16.2
0 12.732 10 1.2 16.2
0 12.832 10 1.2 16.2
0 12.932 10 1.2 16.2
0 13.032 10 1.2 16.2
0 13.132 10 1.2 16.2
0 13.229 10 1.2 16.2
0 13.333 10 1.2 16.2
0 13.433 10 1.2 16.2
0 13.533 10 1.2 16.2
0 13.633 10 1.2 16.2
0 13.733 10 1.2 16.2
0 13.833 10 1.2 16.2
0 13.93 10 1.2 16.2
0 14.034 10 1.2 16.2
0 14.134 10 1.2 16.2
0 14.234 10 1.2 16.2
0 14.335 10 1.2 16.2
0 14.436 10 1.2 16.2
0 14.535 10 1.2 16.2
0 14.635 10 1.2 16.2
0 14.735 10 1.2 16.2
0 14.835 10 1.2 16.2
0 14.935 10 1.2 16.2
0 15.032 10 1.2 16.2
0 15.135 10 1.2 16.2
0 15.236 10 1.2 16.2
0 15.336 10 1.2 16.2
0 15.436 10 1.2 16.2
0 15.536 10 1.2 16.2
0 15.636 10 1.2 16.2
0 15.737 10 1.2 16.2
0 15.837 10 1.2 16.2
0 15.938 10 1.2 16.2
0 16.037 10 1.2 16.2
0 16.137 10 1.2 16.2
0 16.234 10 1.2 16.2
0 16.339 10 1.2 16.2
0 16.438 10 1.2 16.2
0 16.538 10 1.2 16.2
0 16.638 10 1.2 16.2
0 16.738 10 1.2 16.2
0 16.838 10 1.2 16.2
0 16.935 10 1.2 16.2
0 17.038 10 1.2 16.2
0 17.139 10 1.2 16.2
0 17.239 10 1.2 16.2
0 17.339 10 1.2 16.2
0 17.439 10 1.2 16.2
0 17.539 10 1.2 16.2
0 17.64 10 1.2 16.2
0 17.74 10 1.2 16.2
0 17.84 10 1.2 16.2
0 17.937 10 1.2 16.2
0 18.04 10 1.2 16.2
0 18.14 10 1.2 16.2
0 18.24 10 1.2 16.2
0 18.341 10 1.2 16.2
0 18.441 10 1.2 16.2
0 18.541 10 1.2 16.2
0 18.639 10 1.2 16.2
0 18.738 10 1.2 16.2
0 18.842 10 1.2 16.2
0 18.941 10 1.2 16.2
0 19.041 10 1.2 16.2
0 19.142 10 1.2 16.2
0 19.242 10 1.2 16.2
0 19.343 10 1.2 16.2
0 19.443 10 1.2 16.2
0 19.543 10 1.2 16.2
0 19.639 10 1.2 16.2
0 19.743 10 1.2 16.2
0 19.844 10 1.2 16.2
0 19.944 10 1.2 16.2
0 20.044 10 1.2 16.2
0 20.144 10 1.2 16.2
0 20.244 10 1.2 16.2
0 20.344 10 1.2 16.2
0 20.44 10 1.2 16.2
0 20.544 10 1.2 16.2
0 20.645 10 1.2 16.2
0 20.745 10 1.2 16.2
0 20.845 10 1.2 16.2
0 20.945 10 1.2 16.2
0 21.045 10 1.2 16.2
0 21.145 10 1.2 16.2
0 21.242 10 1.2 16.2
0 21.347 10 1.2 16.2
0 21.446 10 1.2 16.2
0 21.546 10 1.2 16.2
0 21.646 10 1.2 16.2
0 21.746 10 1.2 16.2
0 21.847 10 1.2 16.2
0 21.947 10 1.2 16.2
0 22.043 10 1.2 16.2
0 22.147 10 1.2 16.2
0 22.247 10 1.2 16.2
0 22.347 10 1.2 16.2
0 22.447 10 1.2 16.2
0 22.548 10 1.2 16.2
0 22.648 10 1.2 16.2
0 22.748 10 1.2 16.2
0 22.844 10 1.2 16.2
0 22.948 10 1.2 16.2
0 23.049 10 1.2 16.2
0 23.148 10 1.2 16.2
0 23.249 10 1.2 16.2
0 23.349 10 1.2 16.2
0 23.449 10 1.2 16.2
0 23.545 10 1.2 16.2
0 23.649 10 1.2 16.2
0 23.749 10 1.2 16.2
0 23.85 10 1.2 16.2
0 23.95 10 1.2 16.2
0 24.05 10 1.2 16.2
0 24.15 10 1.2 16.2
0 24.246 10 1.2 16.2
0 24.351 10 1.2 16.2
0 24.451 10 1.2 16.2
0 24.551 10 1.2 16.2
0 24.651 10 1.2 16.2
0 24.751 10 1.2 16.2
0 24.851 10 1.2 16.2
0 24.951 10 1.2 16.2
0 25.048 10 1.2 16.2
0 25.151 10 1.2 16.2
0 25.251 10 1.2 16.2
0 25.351 10 1.2 16.2
0 25.452 10 1.2 16.2
0 25.552 10 1.2 16.2
0 25.652 10 1.2 16.2
0 25.749 10 1.2 16.2
0 25.853 10 1.2 16.2
0 25.953 10 1.2 16.2
0 26.053 10 1.2 16.2
0 26.153 10 1.2 16.2
0 26.254 10 1.2 16.2
0 26.354 10 1.2 16.2
0 26.454 10 1.2 16.2
0 26.553 10 1.2 16.2
0 26.65 10 1.2 16.2
0 26.754 10 1.2 16.2
0 26.854 10 1.2 16.2
0 26.955 10 1.2 16.2
0 27.055 10 1.2 16.2
0 27.154 10 1.2 16.2
0 27.255 10 1.2 16.2
0 27.355 10 1.2 16.2
0 27.455 10 1.2 16.2
0 27.552 10 1.2 16.2
0 27.655 10 1.2 16.2
0 27.755 10 1.2 16.2
0 27.856 10 1.2 16.2
0 27.955 10 1.2 16.2
0 28.055 10 1.2 16.2
0 28.152 10 1.2 16.2
0 28.256 10 1.2 16.2
0 28.356 10 1.2 16.2
0 28.456 10 1.2 16.2
0 28.556 10 1.2 16.2
0 28.657 10 1.2 16.2
0 28.756 10 1.2 16.2
0 28.853 10 1.2 16.2
0 28.957 10 1.2 16.2
0 29.057 10 1.2 16.2
0 29.157 10 1.2 16.2
0 29.257 10 1.2 16.2
0 29.358 10 1.2 16.2
0 29.458 10 1.2 16.2
0 29.558 10 1.2 16.2
0 29.655 10 1.2 16.2
0 29.758 10 1.2 16.2
0 29.858 10 1.2 16.2
0 29.958 10 1.2 16.2
0 30.059 10 1.1 16.2
0 30.159 10 1.1 16.2
0 30.259 10 1.1 16.2
0 30.359 10 1.1 16.2
0 30.456 10 1.1 16.2
0 30.559 10 1.1 16.2
0 30.659 10 1.1 16.2
0 30.759 10 1.1 16.2
0 30.86 10 1.1 16.2
0 30.96 10 1.1 16.2
0 31.06 10 1.1 16.2
0 31.16 10 1.1 16.2
0 31.257 10 1.1 16.2
0 31.361 10 1.1 16.2
0 31.461 10 1.1 16.2
0 31.561 10 1.1 16.2
0 31.661 10 1.1 16.2
0 31.761 10 1.1 16.2
0 31.861 10 1.1 16.2
0 31.958 10 1.1 16.2
0 32.061 10 1.1 16.2
0 32.162 10 1.1 16.2
0 32.262 10 1.1 16.2
0 32.362 10 1.1 16.2
0 32.462 10 1.1 16.2
0 32.563 10 1.1 16.2
0 32.662 10 1.1 16.2
0 32.759 10 1.1 16.2
0 32.863 10 1.1 16.2
0 32.963 10 1.1 16.2
0 33.063 10 1.1 16.2
0 33.163 10 1.1 16.2
0 33.263 10 1.1 16.2
0 33.364 10 1.1 16.2
0 33.46 10 1.1 16.2
0 33.564 10 1.1 16.2
0 33.664 10 1.1 16.2
0 33.764 10 1.1 16.2
0 33.865 10 1.1 16.2
0 33.964 10 1.1 16.2
0 34.064 10 1.1 16.2
0 34.161 10 1.1 16.2
0 34.266 10 1.1 16.2
0 34.365 10 1.1 16.2
0 34.466 10 1.1 16.2
0 34.565 10 1.1 16.2
0 34.666 10 1.1 16.2
0 34.766 10 1.1 16.2
0 34.866 10 1.1 16.2
0 34.966 10 1.1 16.2
0 35.063 10 1.1 16.2
0 35.166 10 1.1 16.2
0 35.266 10 1.1 16.2
0 35.367 10 1.1 16.2
0 35.467 10 1.1 16.2
0 35.566 10 1.1 16.2
0 35.667 10 1.1 16.2
0 35.768 10 1.1 16.2
0 35.864 10 1.1 16.2
0 35.967 10 1.1 16.2
0 36.066 10 1.1 16.2
0 36.168 10 1.1 16.2
0 36.268 10 1.1 16.2
0 36.369 10 1.1 16.2
0 36.468 10 1.1 16.2
0 36.566 10 1.1 16.2
0 36.665 10 1.1 16.2
0 36.769 10 1.1 16.2
0 36.869 10 1.1 16.2
0 36.97 10 1.1 16.2
0 37.067 10 1.1 16.2
0 37.169 10 1.1 16.2
0 37.27 10 1.1 16.2
0 37.366 10 1.1 16.2
0 37.47 10 1.1 16.2
0 37.567 10 1.1 16.2
0 37.671 10 1.1 16.2
0 37.771 10 1.1 16.2
0 37.871 10 1.1 16.2
0 37.971 10 1.1 16.2
0 38.067 10 1.1 16.2
0 38.168 10 1.1 16.2
0 38.271 10 1.1 16.2
0 38.371 10 1.1 16.2
0 38.471 10 1.1 16.2
0 38.568 10 1.1 16.2
0 38.672 10 1.1 16.2
0 38.772 10 1.1 16.2
0 38.869 10 1.1 16.2
0 38.973 10 1.1 16.2
0 39.068 11 1.1 16.2
0 39.173 10 1.1 16.2
0 39.273 10 1.1 16.2
0 39.374 10 1.1 16.2
0 39.473 10 1.1 16.2
0 39.568 11 1.1 16.2
0 39.67 10 1.1 16.2
0 39.773 10 1.1 16.2
0 39.874 10 1.1 16.2
0 39.973 10 1.1 16.2
0 40.069 10 1.0 16.2
0 40.174 10 1.0 16.2
0 40.271 10 1.0 16.2
0 40.374 10 1.0 16.2
0 40.474 10 1.0 16.2
0 40.569 11 1.0 16.2
0 40.675 9 1.0 16.2
0 40.776 10 1.0 16.2
0 40.875 10 1.0 16.2
0 40.972 10 1.0 16.2
0 41.076 10 1.0 16.2
0 41.175 10 1.0 16.2
0 41.272 10 1.0 16.2
0 41.377 10 1.0 16.2
0 41.477 10 1.0 16.2
0 41.573 10 1.0 16.2
0 41.677 10 1.0 16.2
0 41.777 10 1.0 16.2
0 41.877 10 1.0 16.2
0 41.976 10 1.0 16.2
0 42.07 11 1.0 16.2
0 42.173 10 1.0 16.2
0 42.277 10 1.0 16.2
0 42.377 10 1.0 16.2
0 42.477 10 1.0 16.2
0 42.571 11 1.0 16.2
0 42.678 9 1.0 16.2
0 42.774 10 1.0 16.2
0 42.878 10 1.0 16.2
0 42.978 10 1.0 16.2
0 43.071 11 1.0 16.2
0 43.178 9 1.0 16.2
0 43.279 10 1.0 16.2
0 43.379 10 1.0 16.2
0 43.475 10 1.0 16.2
0 43.571 10 1.0 16.2
0 43.679 9 1.0 16.2
0 43.779 10 1.0 16.2
0 43.88 10 1.0 16.2
0 43.98 10 1.0 16.2
0 44.073 11 1.0 16.2
0 44.176 10 1.0 16.2
0 44.28 10 1.0 16.2
0 44.381 10 1.0 16.2
0 44.48 10 1.0 16.2
0 44.574 11 1.0 16.2
0 44.68 9 1.0 16.2
0 44.777 10 1.0 16.2
0 44.881 10 1.0 16.2
0 44.981 10 1.0 16.2
0 45.075 11 1.0 16.2
0 45.181 9 1.0 16.2
0 45.282 10 1.0 16.2
0 45.381 10 1.0 16.2
0 45.478 10 1.0 16.2
0 45.579 10 1.0 16.2
0 45.682 10 1.0 16.2
0 45.783 10 1.0 16.2
0 45.883 10 1.0 16.2
0 45.982 10 1.0 16.2
0 46.082 10 1.0 16.2
0 46.179 10 1.0 16.2
0 46.283 10 1.0 16.2
0 46.384 10 1.0 16.2
0 46.483 10 1.0 16.2
0 46.583 10 1.0 16.2
0 46.684 10 1.0 16.2
0 46.784 10 1.0 16.2
0 46.884 10 1.0 16.2
0 46.984 10 1.0 16.2
0 47.08 10 1.0 16.2
0 47.184 10 1.0 16.2
0 47.285 10 1.0 16.2
0 47.385 10 1.0 16.2
0 47.485 10 1.0 16.2
0 47.585 10 1.0 16.2
0 47.685 10 1.0 16.2
0 47.786 10 1.0 16.2
0 47.882 10 1.0 16.2
0 47.985 10 1.0 16.2
0 48.085 10 1.0 16.2
0 48.186 10 1.0 16.2
0 48.286 10 1.0 16.2
0 48.386 10 1.0 16.2
0 48.486 10 1.0 16.2
0 48.586 10 1.0 16.2
0 48.683 10 1.0 16.2
0 48.787 10 1.0 16.2
0 48.887 10 1.0 16.2
0 48.987 10 1.0 16.2
0 49.087 10 1.0 16.2
0 49.187 10 1.0 16.2
0 49.287 10 1.0 16.2
0 49.384 10 1.0 16.2
0 49.488 10 1.0 16.2
0 49.588 10 1.0 16.2
0 49.688 10 1.0 16.2
0 49.789 10 1.0 16.2
0 49.889 10 1.0 16.2
0 49.989 10 1.0 16.2
0 50.085 10 1.1 16.2
0 50.189 10 1.1 16.2
0 50.29 10 1.1 16.2
0 50.391 10 1.1 16.2
0 50.489 10 1.1 16.2
0 50.589 10 1.1 16.2
0 50.69 10 1.1 16.2
0 50.79 10 1.1 16.2
0 50.89 10 1.1 16.2
0 50.987 10 1.1 16.2
0 51.09 10 1.1 16.2
0 51.191 10 1.1 16.2
0 51.291 10 1.1 16.2
0 51.392 10 1.1 16.2
0 51.491 10 1.1 16.2
0 51.591 10 1.1 16.2
0 51.688 10 1.1 16.2
0 51.792 10 1.1 16.2
0 51.892 10 1.1 16.2
0 51.992 10 1.1 16.2
0 52.092 10 1.1 16.2
0 52.192 10 1.1 16.2
0 52.292 10 1.1 16.2
0 52.393 10 1.1 16.2
0 52.489 10 1.1 16.2
0 52.592 10 1.1 16.2
0 52.692 10 1.1 16.2
0 52.793 10 1.1 16.2
0 52.893 10 1.1 16.2
0 52.994 10 1.1 16.2
0 53.093 10 1.1 16.2
0 53.193 10 1.1 16.2
0 53.294 10 1.1 16.2
0 53.395 10 1.1 16.2
0 53.494 10 1.1 16.2
0 53.594 10 1.1 16.2
0 53.691 10 1.1 16.2
0 53.795 10 1.1 16.2
0 53.895 10 1.1 16.2
0 53.995 10 1.1 16.2
0 54.095 10 1.1 16.2
0 54.195 10 1.1 16.2
0 54.295 10 1.1 16.2
0 54.396 10 1.1 16.2
0 54.496 10 1.1 16.2
0 54.596 10 1.1 16.2
0 54.692 10 1.1 16.2
0 54.796 10 1.1 16.2
0 54.897 10 1.1 16.2
0 54.996 10 1.1 16.2
0 55.096 10 1.1 16.2
0 55.197 10 1.1 16.2
0 55.297 10 1.1 16.2
0 55.394 10 1.1 16.2
0 55.497 10 1.1 16.2
0 55.597 10 1.1 16.2
0 55.697 10 1.1 16.2
0 55.798 10 1.1 16.2
0 55.897 10 1.1 16.2
0 55.998 10 1.1 16.2
0 56.094 10 1.1 16.2
0 56.198 10 1.1 16.2
0 56.299 10 1.1 16.2
0 56.399 10 1.1 16.2
0 56.498 10 1.1 16.2
0 56.598 10 1.1 16.2
0 56.699 10 1.1 16.2
0 56.795 10 1.1 16.2
0 56.9 10 1.1 16.2
0 56.999 10 1.1 16.2
0 57.099 10 1.1 16.2
0 57.199 10 1.1 16.2
0 57.299 10 1.1 16.2
0 57.399 10 1.1 16.2
0 57.496 10 1.1 16.2
0 57.599 10 1.1 16.2
0 57.7 10 1.1 16.2
0 57.8 10 1.1 16.2
0 57.9 10 1.1 16.2
0 58.0 10 1.1 16.2
0 58.1 10 1.1 16.2
0 58.197 10 1.1 16.2
0 58.301 10 1.1 16.2
0 58.401 10 1.1 16.2
0 58.501 10 1.1 16.2
0 58.601 10 1.1 16.2
0 58.702 10 1.1 16.2
0 58.803 10 1.1 16.2
0 58.902 10 1.1 16.2
0 58.999 10 1.1 16.2
0 59.102 10 1.1 16.2
0 59.203 10 1.1 16.2
0 59.303 10 1.1 16.2
0 59.404 10 1.1 16.2
0 59.503 10 1.1 16.2
0 59.602 10 1.1 16.2
0 59.703 10 1.1 16.2
0 59.8 10 1.1 16.2
0 59.903 10 1.1 16.2
0 60.003 10 1.1 16.2
0 60.104 10 1.1 16.2
0 60.204 10 1.1 16.2
0 60.305 10 1.1 16.2
0 60.405 10 1.1 16.2
0 60.505 10 1.1 16.2
0 60.601 10 1.1 16.2
0 60.705 10 1.1 16.2
0 60.805 10 1.1 16.2
0 60.905 10 1.1 16.2
0 61.005 10 1.1 16.2
0 61.105 10 1.1 16.2
0 61.205 10 1.1 16.2
0 61.302 10 1.1 16.2
0 61.407 10 1.1 16.2
0 61.506 10 1.1 16.2
0 61.606 10 1.1 16.2
0 61.706 10 1.1 16.2
0 61.806 10 1.1 16.2
0 61.907 10 1.1 16.2
0 62.007 10 1.1 16.2
0 62.103 10 1.1 16.2
0 62.207 10 1.1 16.2
0 62.307 10 1.1 16.2
0 62.408 10 1.1 16.2
0 62.508 10 1.1 16.2
0 62.607 10 1.1 16.2
0 62.708 10 1.1 16.2
0 62.808 10 1.1 16.2
0 62.904 10 1.1 16.2
0 63.008 10 1.1 16.2
0 63.107 10 1.1 16.2
0 63.208 10 1.1 16.2
0 63.309 10 1.1 16.2
0 63.409 10 1.1 16.2
0 63.509 10 1.1 16.2
0 63.605 10 1.1 16.2
0 63.71 10 1.1 16.2
0 63.809 10 1.1 16.2
0 63.91 10 1.1 16.2
0 64.01 10 1.1 16.2
0 64.109 10 1.1 16.2
0 64.211 10 1.1 16.2
0 64.306 10 1.1 16.2
0 64.41 10 1.1 16.2
0 64.511 10 1.1 16.2
0 64.61 10 1.1 16.2
0 64.71 10 1.1 16.2
0 64.811 10 1.1 16.2
0 64.911 10 1.1 16.2
0 65.007 10 1.1 16.2
0 65.111 10 1.1 16.2
0 65.212 10 1.1 16.2
0 65.312 10 1.1 16.2
0 65.413 10 1.1 16.2
0 65.512 10 1.1 16.2
0 65.611 10 1.1 16.2
0 65.708 10 1.1 16.2
0 65.813 10 1.1 16.2
0 65.913 10 1.1 16.2
0 66.013 10 1.1 16.2
0 66.112 10 1.1 16.2
0 66.213 10 1.1 16.2
0 66.314 10 1.1 16.2
0 66.41 10 1.1 16.2
0 66.514 10 1.1 16.2
0 66.613 10 1.1 16.2
0 66.714 10 1.1 16.2
0 66.814 10 1.1 16.2
0 66.915 10 1.1 16.2
0 67.014 10 1.1 16.2
0 67.114 10 1.1 16.2
0 67.211 10 1.1 16.2
0 67.315 10 1.1 16.2
0 67.415 10 1.1 16.2
0 67.515 10 1.1 16.2
0 67.614 10 1.1 16.2
0 67.715 10 1.1 16.2
0 67.815 10 1.1 16.2
0 67.912 10 1.1 16.2
0 68.016 10 1.1 16.2
0 68.116 10 1.1 16.2
0 68.216 10 1.1 16.2
0 68.311 11 1.1 16.2
0 68.416 10 1.1 16.2
0 68.517 10 1.1 16.2
0 68.613 10 1.1 16.2
0 68.717 10 1.1 16.2
0 68.817 10 1.1 16.2
0 68.918 10 1.1 16.2
0 69.018 10 1.1 16.2
0 69.116 10 1.1 16.2
0 69.217 10 1.1 16.2
0 69.314 10 1.1 16.2
0 69.418 10 1.1 16.2
0 69.518 10 1.1 16.2
0 69.617 10 1.1 16.2
0 69.718 10 1.1 16.2
0 69.818 10 1.1 16.2
0 69.919 10 1.1 16.2
0 70.015 10 1.1 16.2
0 70.119 10 1.0 16.1
0 70.219 10 1.0 16.1
0 70.319 10 1.0 16.1
0 70.42 10 1.0 16.1
0 70.52 10 1.0 16.1
0 70.619 10 1.0 16.1
0 70.72 10 1.0 16.1
0 70.82 10 1.0 16.1
0 70.92 10 1.0 16.1
0 71.016 10 1.0 16.1
0 71.12 10 1.0 16.1
0 71.221 10 1.0 16.1
0 71.322 10 1.0 16.1
0 71.422 10 1.0 16.1
0 71.521 10 1.0 16.1
0 71.621 10 1.0 16.1
0 71.721 10 1.0 16.1
0 71.822 10 1.0 16.1
0 71.918 10 1.0 16.1
0 72.021 10 1.0 16.1
0 72.122 10 1.0 16.1
0 72.222 10 1.0 16.1
0 72.323 10 1.0 16.1
0 72.422 10 1.0 16.1
0 72.522 10 1.0 16.1
0 72.622 10 1.0 16.1
0 72.719 10 1.0 16.1
0 72.823 10 1.0 16.1
0 72.923 10 1.0 16.1
0 73.023 10 1.0 16.1
0 73.123 10 1.0 16.1
0 73.223 10 1.0 16.1
0 73.324 10 1.0 16.1
0 73.421 10 1.0 16.1
0 73.524 10 1.0 16.1
0 73.623 10 1.0 16.1
0 73.724 10 1.0 16.1
0 73.824 10 1.0 16.1
0 73.924 10 1.0 16.1
0 74.024 10 1.0 16.1
0 74.121 10 1.0 16.1
0 74.225 10 1.0 16.1
0 74.325 10 1.0 16.1
0 74.426 10 1.0 16.1
0 74.526 10 1.0 16.1
0 74.624 10 1.0 16.1
0 74.726 10 1.0 16.1
0 74.822 10 1.0 16.1
0 74.926 10 1.0 16.1
0 75.026 10 1.0 16.1
0 75.126 10 1.0 16.1
0 75.226 10 1.0 16.1
0 75.327 10 1.0 16.1
0 75.427 10 1.0 16.1
0 75.526 10 1.0 16.1
0 75.626 10 1.0 16.1
0 75.723 10 1.0 16.1
0 75.827 10 1.0 16.1
0 75.928 10 1.0 16.1
0 76.027 10 1.0 16.1
0 76.126 10 1.0 16.1
0 76.228 10 1.0 16.1
0 76.329 10 1.0 16.1
0 76.425 10 1.0 16.1
0 76.529 10 1.0 16.1
0 76.628 10 1.0 16.1
0 76.728 10 1.0 16.1
0 76.829 10 1.0 16.1
0 76.929 10 1.0 16.1
0 77.03 10 1.0 16.1
0 77.129 10 1.0 16.1
0 77.229 10 1.0 16.1
0 77.326 10 1.0 16.1
0 77.43 10 1.0 16.1
0 77.53 10 1.0 16.1
0 77.629 10 1.0 16.1
0 77.73 10 1.0 16.1
0 77.831 10 1.0 16.1
0 77.93 10 1.0 16.1
0 78.028 10 1.0 16.1
0 78.13 10 1.0 16.1
0 78.231 10 1.0 16.1
0 78.331 10 1.0 16.1
0 78.432 10 1.0 16.1
0 78.532 10 1.0 16.1
0 78.631 10 1.0 16.1
0 78.732 10 1.0 16.1
0 78.828 10 1.0 16.1
0 78.932 10 1.0 16.1
0 79.032 10 1.0 16.1
0 79.131 10 1.0 16.1
0 79.232 10 1.0 16.1
0 79.333 10 1.0 16.1
0 79.433 10 1.0 16.1
0 79.53 10 1.0 16.1
0 79.633 10 1.0 16.1
0 79.733 10 1.0 16.1
0 79.834 10 1.0 16.1
0 79.934 10 1.0 16.1
0 80.034 10 1.0 16.1
0 80.134 10 1.1 16.1
0 80.231 10 1.1 16.1
0 80.335 10 1.1 16.1
0 80.435 10 1.1 16.1
0 80.535 10 1.1 16.1
0 80.635 10 1.1 16.1
0 80.735 10 1.1 16.1
0 80.835 10 1.1 16.1
0 80.936 10 1.1 16.1
0 81.035 10 1.1 16.1
0 81.135 10 1.1 16.1
0 81.232 10 1.1 16.1
0 81.337 10 1.1 16.1
0 81.438 10 1.1 16.1
0 81.536 10 1.1 16.1
0 81.636 10 1.1 16.1
0 81.737 10 1.1 16.1
0 81.837 10 1.1 16.1
0 81.937 10 1.1 16.1
0 82.034 10 1.1 16.1
0 82.137 10 1.1 16.1
0 82.237 10 1.1 16.1
0 82.337 10 1.1 16.1
0 82.438 10 1.1 16.1
0 82.538 10 1.1 16.1
0 82.638 10 1.1 16.1
0 82.738 10 1.1 16.1
0 82.835 10 1.1 16.1
0 82.938 10 1.1 16.1
0 83.039 10 1.1 16.1
0 83.139 10 1.1 16.1
0 83.239 10 1.1 16.1
0 83.34 10 1.1 16.1
0 83.44 10 1.1 16.1
0 83.54 10 1.1 16.1
0 83.64 10 1.1 16.1
0 83.737 10 1.1 16.1
0 83.84 10 1.1 16.1
0 83.941 10 1.1 16.1
0 84.041 10 1.1 16.1
0 84.14 10 1.1 16.1
0 84.241 10 1.1 16.1
0 84.342 10 1.1 16.1
0 84.441 10 1.1 16.1
0 84.541 10 1.1 16.1
0 84.638 10 1.1 16.1
0 84.742 10 1.1 16.1
0 84.842 10 1.1 16.1
0 84.942 10 1.1 16.1
0 85.042 10 1.1 16.1
0 85.142 10 1.1 16.1
0 85.242 10 1.1 16.1
0 85.339 10 1.1 16.1
0 85.443 10 1.1 16.1
0 85.543 10 1.1 16.1
0 85.642 10 1.1 16.1
0 85.744 10 1.1 16.1
0 85.843 10 1.1 16.1
0 85.943 10 1.1 16.1
0 86.043 10 1.1 16.1
0 86.14 10 1.1 16.1
0 86.243 10 1.1 16.1
0 86.343 10 1.1 16.1
0 86.444 10 1.1 16.1
0 86.544 10 1.1 16.1
0 86.643 10 1.1 16.1
0 86.744 10 1.1 16.1
0 86.84 10 1.1 16.1
0 86.944 10 1.1 16.1
0 87.045 10 1.1 16.1
0 87.144 10 1.1 16.1
0 87.245 10 1.1 16.1
0 87.345 10 1.1 16.1
0 87.446 10 1.1 16.1
0 87.545 10 1.1 16.1
0 87.641 10 1.1 16.1
0 87.745 10 1.1 16.1
0 87.845 10 1.1 16.1
0 87.943 10 1.1 16.1
0 88.045 10 1.1 16.1
0 88.145 10 1.1 16.1
0 88.246 10 1.1 16.1
0 88.346 10 1.1 16.1
0 88.447 10 1.1 16.1
0 88.547 10 1.1 16.1
0 88.646 10 1.1 16.1
0 88.743 10 1.1 16.1
0 88.847 10 1.1 16.1
0 88.948 10 1.1 16.1
0 89.047 10 1.1 16.1
0 89.147 10 1.1 16.1
0 89.247 10 1.1 16.1
0 89.348 10 1.1 16.1
0 89.449 10 1.1 16.1
0 89.548 10 1.1 16.1
0 89.644 10 1.1 16.1
0 89.748 10 1.1 16.1
0 89.848 10 1.1 16.1
0 89.949 10 1.1 16.1
0 90.049 10 1.1 16.1
0 90.149 10 1.1 16.1
0 90.249 10 1.1 16.1
0 90.35 10 1.1 16.1
0 90.45 10 1.1 16.1
0 90.55 10 1.1 16.1
0 90.649 10 1.1 16.1
0 90.747 10 1.1 16.1
0 90.85 10 1.1 16.1
0 90.951 10 1.1 16.1
0 91.051 10 1.1 16.1
0 91.151 10 1.1 16.1
0 91.251 10 1.1 16.1
0 91.352 10 1.1 16.1
0 91.453 10 1.1 16.1
0 91.552 10 1.1 16.1
0 91.651 10 1.1 16.1
0 91.751 10 1.1 16.1
0 91.849 10 1.1 16.1
0 91.952 10 1.1 16.1
0 92.052 10 1.1 16.1
0 92.153 10 1.1 16.1
0 92.253 10 1.1 16.1
0 92.353 10 1.1 16.1
0 92.454 10 1.1 16.1
0 92.553 10 1.1 16.1
0 92.653 10 1.1 16.1
0 92.753 10 1.1 16.1
0 92.85 10 1.1 16.1
0 92.954 10 1.1 16.1
0 93.053 10 1.1 16.1
0 93.153 10 1.1 16.1
0 93.253 10 1.1 16.1
0 93.355 10 1.1 16.1
0 93.454 10 1.1 16.1
0 93.554 10 1.1 16.1
0 93.654 10 1.1 16.1
0 93.751 10 1.1 16.1
0 93.855 10 1.1 16.1
0 93.955 10 1.1 16.1
0 94.055 10 1.1 16.1
0 94.155 10 1.1 16.1
0 94.256 10 1.1 16.1
0 94.356 10 1.1 16.1
0 94.456 10 1.1 16.1
0 94.556 10 1.1 16.1
0 94.655 10 1.1 16.1
0 94.753 10 1.1 16.1
0 94.856 10 1.1 16.1
0 94.957 10 1.1 16.1
0 95.057 10 1.1 16.1
0 95.156 10 1.1 16.1
0 95.257 10 1.1 16.1
0 95.358 10 1.1 16.1
0 95.458 10 1.1 16.1
0 95.557 10 1.1 16.1
0 95.657 10 1.1 16.1
0 95.755 10 1.1 16.1
0 95.859 10 1.1 16.1
0 95.958 10 1.1 16.1
0 96.059 10 1.1 16.1
0 96.159 10 1.1 16.1
0 96.259 10 1.1 16.1
0 96.359 10 1.1 16.1
0 96.46 10 1.1 16.1
0 96.56 10 1.1 16.1
0 96.659 10 1.1 16.1
0 96.76 10 1.1 16.1
0 96.856 10 1.1 16.1
0 96.959 10 1.1 16.1
0 97.06 10 1.1 16.1
0 97.159 10 1.1 16.1
0 97.26 10 1.1 16.1
0 97.36 10 1.1 16.1
0 97.461 10 1.1 16.1
0 97.56 10 1.1 16.1
0 97.66 10 1.1 16.1
0 97.761 10 1.1 16.1
0 97.858 10 1.1 16.1
0 97.961 10 1.1 16.1
0 98.061 10 1.1 16.1
0 98.161 10 1.1 16.1
0 98.262 10 1.1 16.1
0 98.361 10 1.1 16.1
0 98.462 10 1.1 16.1
0 98.562 10 1.1 16.1
0 98.662 10 1.1 16.1
0 98.762 10 1.1 16.1
0 98.859 10 1.1 16.1
0 98.962 10 1.1 16.1
0 99.062 10 1.1 16.1
0 99.162 10 1.1 16.1
0 99.263 10 1.1 16.1
0 99.363 10 1.1 16.1
0 99.463 10 1.1 16.1
0 99.563 10 1.1 16.1
0 99.663 10 1.1 16.1
0 99.763 10 1.1 16.1
0 99.86 10 1.1 16.1
0 99.964 10 1.1 16.1
0 100.064 10 1.1 16.1
0 100.164 10 1.1 16.1
0 100.264 10 1.1 16.1
0 100.364 10 1.1 16.1
0 100.464 10 1.1 16.1
0 100.564 10 1.1 16.1
0 100.664 10 1.1 16.1
0 100.762 10 1.1 16.1
0 100.865 10 1.1 16.1
0 100.966 10 1.1 16.1
0 101.065 10 1.1 16.1
0 101.165 10 1.1 16.1
0 101.265 10 1.1 16.1
0 101.366 10 1.1 16.1
0 101.468 10 1.1 16.1
0 101.566 10 1.1 16.1
0 101.666 10 1.1 16.1
0 101.767 10 1.1 16.1
0 101.863 10 1.1 16.1
0 101.967 10 1.1 16.1
0 102.066 10 1.1 16.1
0 102.167 10 1.1 16.1
0 102.267 10 1.1 16.1
0 102.367 10 1.1 16.1
0 102.468 10 1.1 16.1
0 102.567 10 1.1 16.1
0 102.664 10 1.1 16.1
0 102.768 10 1.1 16.1
0 102.868 10 1.1 16.1
0 102.969 10 1.1 16.1
0 103.069 10 1.1 16.1
0 103.168 10 1.1 16.1
0 103.269 10 1.1 16.1
0 103.369 10 1.1 16.1
0 103.47 10 1.1 16.1
0 103.569 10 1.1 16.1
0 103.669 10 1.1 16.1
0 103.766 10 1.1 16.1
0 103.869 10 1.1 16.1
0 103.97 10 1.1 16.1
0 104.069 10 1.1 16.1
0 104.17 10 1.1 16.1
0 104.27 10 1.1 16.1
0 104.371 10 1.1 16.1
0 104.471 10 1.1 16.1
0 104.571 10 1.1 16.1
0 104.671 10 1.1 16.1
0 104.771 10 1.1 16.1
0 104.871 10 1.1 16.1
0 104.972 10 1.1 16.1
0 105.072 10 1.1 16.1
0 105.171 10 1.1 16.1
0 105.268 10 1.1 16.1
0 105.372 10 1.1 16.1
0 105.472 10 1.1 16.1
0 105.572 10 1.1 16.1
0 105.671 10 1.1 16.1
0 105.772 10 1.1 16.1
0 105.873 10 1.1 16.1
0 105.973 10 1.1 16.1
0 106.073 10 1.1 16.1
0 106.173 10 1.1 16.1
0 106.273 10 1.1 16.1
0 106.374 10 1.1 16.1
0 106.475 10 1.1 16.1
0 106.575 10 1.1 16.1
0 106.675 10 1.1 16.1
0 106.774 10 1.1 16.1
0 106.875 10 1.1 16.1
0 106.975 10 1.1 16.1
0 107.075 10 1.1 16.1
0 107.175 10 1.1 16.1
0 107.276 10 1.1 16.1
0 107.375 10 1.1 16.1
0 107.476 10 1.1 16.1
0 107.575 10 1.1 16.1
0 107.676 10 1.1 16.1
0 107.776 10 1.1 16.1
0 107.875 10 1.1 16.1
0 107.977 10 1.1 16.1
0 108.077 10 1.1 16.1
0 108.176 10 1.1 16.1
0 108.277 10 1.1 16.1
0 108.377 10 1.1 16.1
0 108.477 10 1.1 16.1
0 108.578 10 1.1 16.1
0 108.678 10 1.1 16.1
0 108.778 10 1.1 16.1
0 108.877 10 1.1 16.1
0 108.978 10 1.1 16.1
0 109.079 10 1.1 16.1
0 109.178 10 1.1 16.1
0 109.279 10 1.1 16.1
0 109.378 10 1.1 16.1
0 109.479 10 1.1 16.1
0 109.578 10 1.1 16.1
0 109.678 10 1.1 16.1
0 109.779 10 1.1 16.1
0 109.88 10 1.1 16.1
0 109.979 10 1.1 16.1
0 110.08 10 1.1 16.1
0 110.18 10 1.3 16.2
0 110.28 10 1.3 16.2
0 110.38 10 1.3 16.2
0 110.48 10 1.3 16.2
0 110.581 10 1.3 16.2
0 110.681 10 1.3 16.2
0 110.781 10 1.3 16.2
0 110.881 10 1.3 16.2
0 110.981 10 1.3 16.2
0 111.081 10 1.3 16.2
0 111.181 10 1.3 16.2
0 111.281 10 1.3 16.2
0 111.381 10 1.3 16.2
0 111.483 10 1.3 16.2
0 111.581 10 1.3 16.2
0 111.682 10 1.3 16.2
0 111.782 10 1.3 16.2
0 111.882 10 1.3 16.2
0 111.983 10 1.3 16.2
0 112.082 10 1.3 16.2
0 112.183 10 1.3 16.2
0 112.283 10 1.3 16.2
0 112.384 10 1.3 16.2
0 112.483 10 1.3 16.2
0 112.584 10 1.3 16.2
0 112.683 10 1.3 16.2
0 112.783 10 1.3 16.2
0 112.88 10 1.3 16.2
0 112.984 10 1.3 16.2
0 113.084 10 1.3 16.2
0 113.184 10 1.3 16.2
0 113.284 10 1.3 16.2
0 113.386 10 1.3 16.2
0 113.485 10 1.3 16.2
0 113.586 10 1.3 16.2
0 113.685 10 1.3 16.2
0 113.785 10 1.3 16.2
0 113.885 10 1.3 16.2
0 113.985 10 1.3 16.2
0 114.085 10 1.3 16.2
0 114.182 10 1.3 16.2
0 114.287 10 1.3 16.2
0 114.387 10 1.3 16.2
0 114.486 10 1.3 16.2
0 114.586 10 1.3 16.2
0 114.687 10 1.3 16.2
0 114.787 10 1.3 16.2
0 114.887 10 1.3 16.2
0 114.988 10 1.3 16.2
0 115.088 10 1.3 16.2
0 115.188 10 1.3 16.2
0 115.288 10 1.3 16.2
0 115.389 10 1.3 16.2
0 115.489 10 1.3 16.2
0 115.589 10 1.3 16.2
0 115.688 10 1.3 16.2
0 115.788 10 1.3 16.2
0 115.889 10 1.3 16.2
0 115.988 10 1.3 16.2
0 116.089 10 1.3 16.2
0 116.19 10 1.3 16.2
0 116.289 10 1.3 16.2
0 116.39 10 1.3 16.2
0 116.491 10 1.3 16.2
0 116.591 10 1.3 16.2
0 116.689 10 1.3 16.2
0 116.79 10 1.3 16.2
0 116.891 10 1.3 16.2
0 116.991 10 1.3 16.2
0 117.091 10 1.3 16.2
0 117.191 10 1.3 16.2
0 117.287 10 1.3 16.2
0 117.392 9 1.3 16.2
0 117.493 10 1.3 16.2
0 117.593 10 1.3 16.2
0 117.692 10 1.3 16.2
0 117.793 10 1.3 16.2
0 117.892 10 1.3 16.2
0 117.992 10 1.3 16.2
0 118.093 10 1.3 16.2
0 118.193 10 1.3 16.2
0 118.293 10 1.3 16.2
0 118.394 10 1.3 16.2
0 118.494 10 1.3 16.2
0 118.594 10 1.3 16.2
0 118.694 10 1.3 16.2
0 118.794 10 1.3 16.2
0 118.894 10 1.3 16.2
0 118.995 10 1.3 16.2
0 119.095 10 1.3 16.2
0 119.195 10 1.3 16.2
0 119.295 10 1.3 16.2
0 119.395 10 1.3 16.2
0 119.496 10 1.3 16.2
0 119.595 10 1.3 16.2
0 119.694 10 1.3 16.2
0 119.796 10 1.3 16.2
0 119.895 10 1.3 16.2
0 119.995 10 1.3 16.2
0 120.095 10 1.3 16.2
0 120.196 10 1.2 16.2
0 120.296 10 1.2 16.2
0 120.397 10 1.2 16.2
0 120.497 10 1.2 16.2
0 120.597 10 1.2 16.2
0 120.697 10 1.2 16.2
0 120.797 10 1.2 16.2
0 120.897 10 1.2 16.2
0 120.997 10 1.2 16.2
0 121.097 10 1.2 16.2
0 121.197 10 1.2 16.2
0 121.298 10 1.2 16.2
0 121.398 10 1.2 16.2
0 121.499 10 1.2 16.2
0 121.597 10 1.2 16.2
0 121.698 10 1.2 16.2
0 121.797 10 1.2 16.2
0 121.897 10 1.2 16.2
0 121.998 10 1.2 16.2
0 122.094 10 1.2 16.2
0 122.197 10 1.2 16.2
0 122.298 10 1.2 16.2
0 122.399 10 1.2 16.2
0 122.499 10 1.2 16.2
0 122.599 10 1.2 16.2
0 122.699 10 1.2 16.2
0 122.799 10 1.2 16.2
0 122.899 10 1.2 16.2
0 122.999 10 1.2 16.2
0 123.099 10 1.2 16.2
0 123.199 10 1.2 16.2
0 123.296 10 1.2 16.2
0 123.4 10 1.2 16.2
0 123.5 10 1.2 16.2
0 123.6 10 1.2 16.2
0 123.7 10 1.2 16.2
0 123.801 10 1.2 16.2
0 123.901 10 1.2 16.2
0 124.001 10 1.2 16.2
0 124.101 10 1.2 16.2
0 124.197 10 1.2 16.2
0 124.301 10 1.2 16.2
0 124.401 10 1.2 16.2
0 124.502 10 1.2 16.2
0 124.602 10 1.2 16.2
0 124.702 10 1.2 16.2
0 124.801 10 1.2 16.2
0 124.901 10 1.2 16.2
0 125.003 10 1.2 16.2
0 125.103 10 1.2 16.2
0 125.202 10 1.2 16.2
0 125.302 10 1.2 16.2
0 125.4 10 1.2 16.2
0 125.503 10 1.2 16.2
0 125.604 10 1.2 16.2
0 125.704 10 1.2 16.2
0 125.804 10 1.2 16.2
0 125.903 10 1.2 16.2
0 126.005 10 1.2 16.2
0 126.104 10 1.2 16.2
0 126.205 10 1.2 16.2
0 126.305 10 1.2 16.2
0 126.405 10 1.2 16.2
0 126.507 10 1.2 16.2
0 126.605 10 1.2 16.2
0 126.705 10 1.2 16.2
0 126.805 10 1.2 16.2
0 126.905 10 1.2 16.2
0 127.002 10 1.2 16.2
0 127.105 10 1.2 16.2
0 127.206 10 1.2 16.2
0 127.306 10 1.2 16.2
0 127.407 10 1.2 16.2
0 127.507 10 1.2 16.2
0 127.605 10 1.2 16.2
0 127.707 10 1.2 16.2
0 127.807 10 1.2 16.2
0 127.907 10 1.2 16.2
0 128.007 10 1.2 16.2
0 128.105 10 1.2 16.2
0 128.204 10 1.2 16.2
0 128.308 10 1.2 16.2
0 128.408 10 1.2 16.2
0 128.508 10 1.2 16.2
0 128.608 10 1.2 16.2
0 128.709 10 1.2 16.2
0 128.809 10 1.2 16.2
0 128.909 10 1.2 16.2
0 129.009 10 1.2 16.2
0 129.107 10 1.2 16.2
0 129.209 10 1.2 16.2
0 129.309 10 1.2 16.2
0 129.406 10 1.2 16.2
0 129.51 10 1.2 16.2
0 129.607 10 1.2 16.2
0 129.709 10 1.2 16.2
0 129.81 10 1.2 16.2
0 129.91 10 1.2 16.2
0 130.01 10 1.2 16.2
0 130.107 10 1.2 16.2
0 130.207 10 1.2 16.2
0 130.31 10 1.2 16.2
0 130.411 10 1.2 16.2
0 130.511 10 1.2 16.2
0 130.607 10 1.2 16.2
0 130.711 10 1.2 16.2
0 130.811 10 1.2 16.2
0 130.912 10 1.2 16.2
0 131.012 10 1.2 16.2
0 131.107 11 1.2 16.2
0 131.212 10 1.2 16.2
0 131.312 10 1.2 16.2
0 131.413 10 1.2 16.2
0 131.514 10 1.2 16.2
0 131.612 10 1.2 16.2
0 131.713 10 1.2 16.2
0 131.813 10 1.2 16.2
0 131.913 10 1.2 16.2
0 132.014 10 1.2 16.2
0 132.113 10 1.2 16.2
0 132.21 10 1.2 16.2
0 132.314 10 1.2 16.2
0 132.414 10 1.2 16.2
0 132.514 10 1.2 16.2
0 132.614 10 1.2 16.2
0 132.714 10 1.2 16.2
0 132.814 10 1.2 16.2
0 132.915 10 1.2 16.2
0 133.014 10 1.2 16.2
0 133.109 10 1.2 16.2
0 133.211 10 1.2 16.2
0 133.315 10 1.2 16.2
0 133.415 10 1.2 16.2
0 133.515 10 1.2 16.2
0 133.609 11 1.2 16.2
0 133.716 9 1.2 16.2
0 133.816 10 1.2 16.2
0 133.916 10 1.2 16.2
0 134.013 10 1.2 16.2
0 134.116 10 1.2 16.2
0 134.217 10 1.2 16.2
0 134.316 10 1.2 16.2
0 134.417 10 1.2 16.2
0 134.517 10 1.2 16.2
0 134.611 11 1.2 16.2
0 134.714 10 1.2 16.2
0 134.818 10 1.2 16.2
0 134.918 10 1.2 16.2
0 135.018 10 1.2 16.2
0 135.112 11 1.2 16.2
0 135.217 9 1.2 16.2
0 135.318 10 1.2 16.2
0 135.415 10 1.2 16.2
0 135.518 10 1.2 16.2
0 135.613 11 1.2 16.2
0 135.719 9 1.2 16.2
0 135.819 10 1.2 16.2
0 135.919 10 1.2 16.2
0 136.02 10 1.2 16.2
0 136.113 11 1.2 16.2
0 136.216 10 1.2 16.2
0 136.32 10 1.2 16.2
0 136.42 10 1.2 16.2
0 136.522 10 1.2 16.2
0 136.616 11 1.2 16.2
0 136.721 9 1.2 16.2
0 136.821 10 1.2 16.2
0 136.921 10 1.2 16.2
0 137.021 10 1.2 16.2
0 137.115 11 1.2 16.2
0 137.218 10 1.2 16.2
0 137.322 10 1.2 16.2
0 137.422 10 1.2 16.2
0 137.523 10 1.2 16.2
0 137.62 10 1.2 16.2
0 137.723 10 1.2 16.2
0 137.822 10 1.2 16.2
0 137.923 10 1.2 16.2
0 138.02 10 1.2 16.2
0 138.117 10 1.2 16.2
0 138.219 10 1.2 16.2
0 138.323 10 1.2 16.2
0 138.423 10 1.2 16.2
0 138.523 10 1.2 16.2
0 138.621 10 1.2 16.2
0 138.723 10 1.2 16.2
0 138.824 10 1.2 16.2
0 138.924 10 1.2 16.2
0 139.024 10 1.2 16.2
0 139.121 10 1.2 16.2
0 139.225 10 1.2 16.2
0 139.325 10 1.2 16.2
0 139.425 10 1.2 16.2
0 139.526 10 1.2 16.2
0 139.624 10 1.2 16.2
0 139.726 10 1.2 16.2
0 139.826 10 1.2 16.2
0 139.922 10 1.2 16.2
0 140.026 10 1.2 16.2
0 140.125 10 1.2 16.2
0 140.227 10 1.2 16.2
0 140.327 10 1.2 16.2
0 140.427 10 1.2 16.2
0 140.527 10 1.2 16.2
0 140.626 10 1.2 16.2
0 140.726 10 1.2 16.2
0 140.827 10 1.2 16.2
0 140.924 10 1.2 16.2
0 141.028 10 1.2 16.2
0 141.127 10 1.2 16.2
0 141.228 10 1.2 16.2
0 141.328 10 1.2 16.2
0 141.428 10 1.2 16.2
0 141.529 10 1.2 16.2
0 141.627 10 1.2 16.2
0 141.73 10 1.2 16.2
0 141.829 10 1.2 16.2
0 141.928 10 1.2 16.2
0 142.025 10 1.2 16.2
0 142.128 10 1.2 16.2
0 142.229 10 1.2 16.2
0 142.329 10 1.2 16.2
0 142.429 10 1.2 16.2
0 142.531 10 1.2 16.2
0 142.629 10 1.2 16.2
0 142.73 10 1.2 16.2
0 142.826 10 1.2 16.2
0 142.93 10 1.2 16.2
0 143.028 10 1.2 16.2
0 143.13 10 1.2 16.2
0 143.23 10 1.2 16.2
0 143.331 10 1.2 16.2
0 143.431 10 1.2 16.2
0 143.532 10 1.2 16.2
0 143.631 10 1.2 16.2
0 143.732 10 1.2 16.2
0 143.832 10 1.2 16.2
0 143.932 10 1.2 16.2
0 144.031 10 1.2 16.2
0 144.128 10 1.2 16.2
0 144.233 10 1.2 16.2
0 144.332 10 1.2 16.2
0 144.432 10 1.2 16.2
0 144.533 10 1.2 16.2
0 144.632 10 1.2 16.2
0 144.732 10 1.2 16.2
0 144.833 10 1.2 16.2
0 144.93 10 1.2 16.2
0 145.033 10 1.2 16.2
0 145.133 10 1.2 16.2
0 145.233 10 1.2 16.2
0 145.333 10 1.2 16.2
0 145.434 10 1.2 16.2
0 145.535 10 1.2 16.2
0 145.634 10 1.2 16.2
0 145.735 10 1.2 16.2
0 145.834 10 1.2 16.2
0 145.931 10 1.2 16.2
0 146.034 10 1.2 16.2
0 146.134 10 1.2 16.2
0 146.235 10 1.2 16.2
0 146.335 10 1.2 16.2
0 146.436 10 1.2 16.2
0 146.537 10 1.2 16.2
0 146.635 10 1.2 16.2
0 146.736 10 1.2 16.2
0 146.835 10 1.2 16.2
0 146.932 10 1.2 16.2
0 147.035 10 1.2 16.2
0 147.135 10 1.2 16.2
0 147.236 10 1.2 16.2
0 147.336 10 1.2 16.2
0 147.436 10 1.2 16.2
0 147.536 10 1.2 16.2
0 147.637 10 1.2 16.2
0 147.733 10 1.2 16.2
0 147.837 10 1.2 16.2
0 147.937 10 1.2 16.2
0 148.033 10 1.2 16.2
0 148.137 10 1.2 16.2
0 148.237 10 1.2 16.2
0 148.337 10 1.2 16.2
0 148.434 10 1.2 16.2
0 148.538 10 1.2 16.2
0 148.638 10 1.2 16.2
0 148.739 10 1.2 16.2
0 148.838 10 1.2 16.2
0 148.938 10 1.2 16.2
0 149.038 10 1.2 16.2
0 149.138 10 1.2 16.2
0 149.235 10 1.2 16.2
0 149.339 10 1.2 16.2
0 149.439 10 1.2 16.2
0 149.539 10 1.2 16.2
0 149.639 10 1.2 16.2
0 149.74 10 1.2 16.2
0 149.84 10 1.2 16.2
0 149.94 10 1.2 16.2
0 150.04 10 1.2 16.2
0 150.14 10 1.2 16.2
0 150.237 10 1.1 16.2
0 150.341 10 1.1 16.2
0 150.441 10 1.1 16.2
0 150.541 10 1.1 16.2
0 150.641 10 1.1 16.2
0 150.742 10 1.1 16.2
0 150.841 10 1.1 16.2
0 150.942 10 1.1 16.2
0 151.041 10 1.1 16.2
0 151.138 10 1.1 16.2
0 151.242 10 1.1 16.2
0 151.342 10 1.1 16.2
0 151.442 10 1.1 16.2
0 151.544 10 1.1 16.2
0 151.643 10 1.1 16.2
0 151.743 10 1.1 16.2
0 151.843 10 1.1 16.2
0 151.943 10 1.1 16.2
0 152.043 10 1.1 16.2
0 152.14 10 1.1 16.2
0 152.243 10 1.1 16.2
0 152.344 10 1.1 16.2
0 152.444 10 1.1 16.2
0 152.544 10 1.1 16.2
0 152.644 10 1.1 16.2
0 152.745 10 1.1 16.2
0 152.844 10 1.1 16.2
0 152.941 10 1.1 16.2
0 153.04 10 1.1 16.2
0 153.144 10 1.1 16.2
0 153.245 10 1.1 16.2
0 153.345 10 1.1 16.2
0 153.446 10 1.1 16.2
0 153.546 10 1.1 16.2
0 153.645 10 1.1 16.2
0 153.742 10 1.1 16.2
0 153.846 10 1.1 16.2
0 153.946 10 1.1 16.2
0 154.046 10 1.1 16.2
0 154.146 10 1.1 16.2
0 154.246 10 1.1 16.2
0 154.347 10 1.1 16.2
0 154.446 10 1.1 16.2
0 154.543 10 1.1 16.2
0 154.647 10 1.1 16.2
0 154.748 10 1.1 16.2
0 154.848 10 1.1 16.2
0 154.948 10 1.1 16.2
0 155.047 10 1.1 16.2
0 155.146 10 1.1 16.2
0 155.248 10 1.1 16.2
0 155.345 10 1.1 16.2
0 155.448 10 1.1 16.2
0 155.549 10 1.1 16.2
0 155.648 10 1.1 16.2
0 155.75 10 1.1 16.2
0 155.849 10 1.1 16.2
0 155.949 10 1.1 16.2
0 156.049 10 1.1 16.2
0 156.146 10 1.1 16.2
0 156.25 10 1.1 16.2
0 156.349 10 1.1 16.2
0 156.45 10 1.1 16.2
0 156.551 10 1.1 16.2
0 156.65 10 1.1 16.2
0 156.751 10 1.1 16.2
0 156.85 10 1.1 16.2
0 156.951 10 1.1 16.2
0 157.051 10 1.1 16.2
0 157.147 10 1.1 16.2
0 157.251 10 1.1 16.2
0 157.352 10 1.1 16.2
0 157.452 10 1.1 16.2
0 157.552 10 1.1 16.2
0 157.652 10 1.1 16.2
0 157.752 10 1.1 16.2
0 157.852 10 1.1 16.2
0 157.951 10 1.1 16.2
0 158.045 11 1.1 16.2
0 158.149 10 1.1 16.2
0 158.253 10 1.1 16.2
0 158.352 10 1.1 16.2
0 158.453 10 1.1 16.2
0 158.554 10 1.1 16.2
0 158.652 10 1.1 16.2
0 158.754 10 1.1 16.2
0 158.854 10 1.1 16.2
0 158.954 10 1.1 16.2
0 159.054 10 1.1 16.2
0 159.154 10 1.1 16.2
0 159.255 10 1.1 16.2
0 159.355 10 1.1 16.2
0 159.451 10 1.1 16.2
0 159.555 10 1.1 16.2
0 159.654 10 1.1 16.2
0 159.755 10 1.1 16.2
0 159.856 10 1.1 16.2
0 159.955 10 1.1 16.2
0 160.055 10 1.1 16.2
0 160.154 10 1.1 16.2
0 160.252 10 1.1 16.2
0 160.356 10 1.1 16.2
0 160.456 10 1.1 16.2
0 160.557 10 1.1 16.2
0 160.656 10 1.1 16.2
0 160.757 10 1.1 16.2
0 160.857 10 1.1 16.2
0 160.957 10 1.1 16.2
0 161.058 10 1.1 16.2
0 161.156 10 1.1 16.2
0 161.254 10 1.1 16.2
0 161.358 10 1.1 16.2
0 161.458 10 1.1 16.2
0 161.559 10 1.1 16.2
0 161.658 10 1.1 16.2
0 161.759 10 1.1 16.2
0 161.859 10 1.1 16.2
0 161.959 10 1.1 16.2
0 162.059 10 1.1 16.2
0 162.159 10 1.1 16.2
0 162.26 10 1.1 16.2
0 162.36 10 1.1 16.2
0 162.46 10 1.1 16.2
0 162.56 10 1.1 16.2
0 162.66 10 1.1 16.2
0 162.756 10 1.1 16.2
0 162.86 10 1.1 16.2
0 162.96 10 1.1 16.2
0 163.052 11 1.1 16.2
0 163.159 9 1.1 16.2
0 163.26 10 1.1 16.2
0 163.361 10 1.1 16.2
0 163.46 10 1.1 16.2
0 163.561 10 1.1 16.2
0 163.661 10 1.1 16.2
0 163.761 10 1.1 16.2
0 163.862 10 1.1 16.2
0 163.962 10 1.1 16.2
0 164.061 10 1.1 16.2
0 164.16 10 1.1 16.2
0 164.261 10 1.1 16.2
0 164.362 10 1.1 16.2
0 164.462 10 1.1 16.2
0 164.562 10 1.1 16.2
0 164.662 10 1.1 16.2
0 164.763 10 1.1 16.2
0 164.863 10 1.1 16.2
0 164.959 10 1.1 16.2
0 165.063 10 1.1 16.2
0 165.163 10 1.1 16.2
0 165.263 10 1.1 16.2
0 165.363 10 1.1 16.2
0 165.464 10 1.1 16.2
0 165.564 10 1.1 16.2
0 165.664 10 1.1 16.2
0 165.76 10 1.1 16.2
0 165.864 10 1.1 16.2
0 165.964 10 1.1 16.2
0 166.065 10 1.1 16.2
0 166.162 10 1.1 16.2
0 166.265 10 1.1 16.2
0 166.366 10 1.1 16.2
0 166.465 10 1.1 16.2
0 166.562 10 1.1 16.2
0 166.665 10 1.1 16.2
0 166.766 10 1.1 16.2
0 166.866 10 1.1 16.2
0 166.966 10 1.1 16.2
0 167.066 10 1.1 16.2
0 167.164 10 1.1 16.2
0 167.266 10 1.1 16.2
0 167.363 10 1.1 16.2
0 167.467 10 1.1 16.2
0 167.567 10 1.1 16.2
0 167.666 10 1.1 16.2
0 167.767 10 1.1 16.2
0 167.867 10 1.1 16.2
0 167.967 10 1.1 16.2
0 168.058 11 1.1 16.2
0 168.164 9 1.1 16.2
0 168.267 10 1.1 16.2
0 168.367 10 1.1 16.2
0 168.468 10 1.1 16.2
0 168.569 10 1.1 16.2
0 168.667 10 1.1 16.2
0 168.769 10 1.1 16.2
0 168.862 11 1.1 16.2
0 168.965 10 1.1 16.2
0 169.069 10 1.1 16.2
0 169.168 10 1.1 16.2
0 169.269 10 1.1 16.2
0 169.37 10 1.1 16.2
0 169.47 10 1.1 16.2
0 169.57 10 1.1 16.2
0 169.67 10 1.1 16.2
0 169.766 10 1.1 16.2
0 169.871 10 1.1 16.2
0 169.97 10 1.1 16.2
0 170.07 10 1.1 16.2
0 170.17 10 1.1 16.2
0 170.271 10 1.1 16.2
0 170.37 10 1.1 16.2
0 170.471 10 1.1 16.2
0 170.571 10 1.1 16.2
0 170.668 10 1.1 16.2
0 170.772 10 1.1 16.2
0 170.872 10 1.1 16.2
0 170.972 10 1.1 16.2
0 171.072 10 1.1 16.2
0 171.171 10 1.1 16.2
0 171.272 10 1.1 16.2
0 171.373 10 1.1 16.2
0 171.473 10 1.1 16.2
0 171.569 10 1.1 16.2
0 171.672 10 1.1 16.2
0 171.773 10 1.1 16.2
0 171.873 10 1.1 16.2
0 171.973 10 1.1 16.2
0 172.074 10 1.1 16.2
0 172.172 10 1.1 16.2
0 172.27 10 1.1 16.2
0 172.374 10 1.1 16.2
0 172.474 10 1.1 16.2
0 172.575 10 1.1 16.2
0 172.674 10 1.1 16.2
0 172.775 10 1.1 16.2
0 172.875 10 1.1 16.2
0 172.975 10 1.1 16.2
0 173.066 11 1.1 16.2
0 173.172 9 1.1 16.2
0 173.276 10 1.1 16.2
0 173.376 10 1.1 16.2
0 173.476 10 1.1 16.2
0 173.576 10 1.1 16.2
0 173.676 10 1.1 16.2
0 173.776 10 1.1 16.2
0 173.876 10 1.1 16.2
0 173.973 10 1.1 16.2
0 174.077 10 1.1 16.2
0 174.176 10 1.1 16.2
0 174.277 10 1.1 16.2
0 174.376 10 1.1 16.2
0 174.477 10 1.1 16.2
0 174.578 10 1.1 16.2
0 174.676 10 1.1 16.2
0 174.774 10 1.1 16.2
0 174.878 10 1.1 16.2
0 174.978 10 1.1 16.2
0 175.078 10 1.1 16.2
0 175.177 10 1.1 16.2
0 175.278 10 1.1 16.2
0 175.378 10 1.1 16.2
0 175.479 10 1.1 16.2
0 175.575 10 1.1 16.2
0 175.679 10 1.1 16.2
0 175.779 10 1.1 16.2
0 175.879 10 1.1 16.2
0 175.979 10 1.1 16.2
0 176.079 10 1.1 16.2
0 176.178 10 1.1 16.2
0 176.276 10 1.1 16.2
0 176.38 10 1.1 16.2
0 176.481 10 1.1 16.2
0 176.582 10 1.1 16.2
0 176.681 10 1.1 16.2
0 176.781 10 1.1 16.2
0 176.881 10 1.1 16.2
0 176.981 10 1.1 16.2
0 177.081 10 1.1 16.2
0 177.177 10 1.1 16.2
0 177.282 10 1.1 16.2
0 177.381 10 1.1 16.2
0 177.481 10 1.1 16.2
0 177.582 10 1.1 16.2
0 177.68 10 1.1 16.2
0 177.782 10 1.1 16.2
0 177.878 10 1.1 16.2
0 177.982 10 1.1 16.2
0 178.073 11 1.1 16.2
0 178.181 9 1.1 16.2
0 178.283 10 1.1 16.2
0 178.383 10 1.1 16.2
0 178.484 10 1.1 16.2
0 178.584 10 1.1 16.2
0 178.683 10 1.1 16.2
0 178.784 10 1.1 16.2
0 178.879 11 1.1 16.2
0 178.983 10 1.1 16.2
0 179.084 10 1.1 16.2
0 179.183 10 1.1 16.2
0 179.284 10 1.1 16.2
0 179.384 10 1.1 16.2
0 179.485 10 1.1 16.2
0 179.585 10 1.1 16.2
0 179.681 10 1.1 16.2
0 179.785 10 1.1 16.2
0 179.885 10 1.1 16.2
0 179.985 10 1.1 16.2
0 180.086 10 1.1 16.2
0 180.184 10 1.1 16.2
0 180.287 10 1.1 16.2
0 180.385 10 1.1 16.2
0 180.482 10 1.1 16.2
0 180.586 10 1.1 16.2
0 180.686 10 1.1 16.2
0 180.787 10 1.1 16.2
0 180.887 10 1.1 16.2
0 180.986 10 1.1 16.2
0 181.087 10 1.1 16.2
0 181.186 10 1.1 16.2
0 181.284 10 1.1 16.2
0 181.388 10 1.1 16.2
0 181.489 10 1.1 16.2
0 181.588 10 1.1 16.2
0 181.688 10 1.1 16.2
0 181.789 10 1.1 16.2
0 181.888 10 1.1 16.2
0 181.989 10 1.1 16.2
0 182.089 10 1.1 16.2
0 182.185 10 1.1 16.2
0 182.289 10 1.1 16.2
0 182.389 10 1.1 16.2
0 182.489 10 1.1 16.2
0 182.589 10 1.1 16.2
0 182.689 10 1.1 16.2
0 182.79 10 1.1 16.2
0 182.89 10 1.1 16.2
0 182.99 10 1.1 16.2
0 183.081 11 1.1 16.2
0 183.187 9 1.1 16.2
0 183.291 10 1.1 16.2
0 183.391 10 1.1 16.2
0 183.491 10 1.1 16.2
0 183.592 10 1.1 16.2
0 183.691 10 1.1 16.2
0 183.792 10 1.1 16.2
0 183.892 10 1.1 16.2
0 183.988 10 1.1 16.2
0 184.092 10 1.1 16.2
0 184.191 10 1.1 16.2
0 184.292 10 1.1 16.2
0 184.392 10 1.1 16.2
0 184.492 10 1.1 16.2
0 184.592 10 1.1 16.2
0 184.692 10 1.1 16.2
0 184.789 10 1.1 16.2
0 184.893 10 1.1 16.2
0 184.994 10 1.1 16.2
0 185.094 10 1.1 16.2
0 185.193 10 1.1 16.2
0 185.294 10 1.1 16.2
0 185.394 10 1.1 16.2
0 185.494 10 1.1 16.2
0 185.594 10 1.1 16.2
0 185.69 10 1.1 16.2
0 185.794 10 1.1 16.2
0 185.894 10 1.1 16.2
0 185.994 10 1.1 16.2
0 186.094 10 1.1 16.2
0 186.194 10 1.1 16.2
0 186.294 10 1.1 16.2
0 186.394 10 1.1 16.2
0 186.491 10 1.1 16.2
0 186.596 10 1.1 16.2
0 186.695 10 1.1 16.2
0 186.797 10 1.1 16.2
0 186.897 10 1.1 16.2
0 186.997 10 1.1 16.2
0 187.096 10 1.1 16.2
0 187.196 10 1.1 16.2
0 187.296 10 1.1 16.2
0 187.393 10 1.1 16.2
0 187.496 10 1.1 16.2
0 187.597 10 1.1 16.2
0 187.696 10 1.1 16.2
0 187.797 10 1.1 16.2
0 187.897 10 1.1 16.2
0 187.998 10 1.1 16.2
0 188.089 11 1.1 16.2
0 188.194 9 1.1 16.2
0 188.297 10 1.1 16.2
0 188.398 10 1.1 16.2
0 188.498 10 1.1 16.2
0 188.599 10 1.1 16.2
0 188.698 10 1.1 16.2
0 188.799 10 1.1 16.2
0 188.899 10 1.1 16.2
0 189.0 10 1.1 16.2
0 189.099 10 1.1 16.2
0 189.199 10 1.1 16.2
0 189.295 10 1.1 16.2
0 189.4 10 1.1 16.2
0 189.5 10 1.1 16.2
0 189.6 10 1.1 16.2
0 189.7 10 1.1 16.2
0 189.801 10 1.1 16.2
0 189.9 10 1.1 16.2
0 189.996 10 1.1 16.2
0 190.1 10 1.1 16.2
0 190.2 10 1.1 16.2
0 190.301 10 1.1 16.2
0 190.401 10 1.1 16.2
0 190.501 10 1.1 16.2
0 190.602 10 1.1 16.2
0 190.701 10 1.1 16.2
0 190.802 10 1.1 16.2
0 190.898 10 1.1 16.2
0 191.002 10 1.1 16.2
0 191.103 10 1.1 16.2
0 191.202 10 1.1 16.2
0 191.303 10 1.1 16.2
0 191.402 10 1.1 16.2
0 191.503 10 1.1 16.2
0 191.605 10 1.1 16.2
0 191.703 10 1.1 16.2
0 191.805 10 1.1 16.2
0 191.904 10 1.1 16.2
0 192.004 10 1.1 16.2
0 192.104 10 1.1 16.2
0 192.203 10 1.1 16.2
0 192.3 10 1.1 16.2
0 192.404 10 1.1 16.2
0 192.505 10 1.1 16.2
0 192.605 10 1.1 16.2
0 192.704 10 1.1 16.2
0 192.805 10 1.1 16.2
0 192.905 10 1.1 16.2
0 193.005 10 1.1 16.2
0 193.096 11 1.1 16.2
0 193.201 10 1.1 16.2
0 193.306 10 1.1 16.2
0 193.406 10 1.1 16.2
0 193.505 10 1.1 16.2
0 193.607 10 1.1 16.2
0 193.707 10 1.1 16.2
0 193.807 10 1.1 16.2
0 193.907 10 1.1 16.2
0 194.008 10 1.1 16.2
0 194.108 10 1.1 16.2
0 194.207 10 1.1 16.2
0 194.308 10 1.1 16.2
0 194.407 10 1.1 16.2
0 194.508 10 1.1 16.2
0 194.608 10 1.1 16.2
0 194.708 10 1.1 16.2
0 194.809 10 1.1 16.2
0 194.908 10 1.1 16.2
0 195.009 10 1.1 16.2
0 195.108 10 1.1 16.2
0 195.208 10 1.1 16.2
0 195.309 10 1.1 16.2
0 195.409 10 1.1 16.2
0 195.51 10 1.1 16.2
0 195.611 10 1.1 16.2
0 195.709 10 1.1 16.2
0 195.81 10 1.1 16.2
0 195.91 10 1.1 16.2
0 196.01 10 1.1 16.2
0 196.11 10 1.1 16.2
0 196.21 10 1.1 16.2
0 196.311 10 1.1 16.2
0 196.41 10 1.1 16.2
0 196.511 10 1.1 16.2
0 196.611 10 1.1 16.2
0 196.711 10 1.1 16.2
0 196.812 10 1.1 16.2
0 196.911 10 1.1 16.2
0 197.011 10 1.1 16.2
0 197.111 10 1.1 16.2
0 197.211 10 1.1 16.2
0 197.312 10 1.1 16.2
0 197.411 10 1.1 16.2
0 197.512 10 1.1 16.2
0 197.613 10 1.1 16.2
0 197.712 10 1.1 16.2
0 197.813 10 1.1 16.2
0 197.913 10 1.1 16.2
0 198.012 10 1.1 16.2
0 198.104 11 1.1 16.2
0 198.213 9 1.1 16.2
0 198.313 10 1.1 16.2
0 198.413 10 1.1 16.2
0 198.513 10 1.1 16.2
0 198.613 10 1.1 16.2
0 198.713 10 1.1 16.2
0 198.814 10 1.1 16.2
0 198.913 10 1.1 16.2
0 199.006 11 1.1 16.2
0 199.11 10 1.1 16.2
0 199.214 10 1.1 16.2
0 199.314 10 1.1 16.2
0 199.414 10 1.1 16.2
0 199.515 10 1.1 16.2
0 199.615 10 1.1 16.2
0 199.715 10 1.1 16.2
0 199.815 10 1.1 16.2
0 199.915 10 1.1 16.2
0 200.015 10 1.1 16.2
0 200.115 10 1.1 16.2
0 200.215 10 1.1 16.2
0 200.316 10 1.2 16.2
0 200.415 10 1.2 16.2
0 200.516 10 1.2 16.2
0 200.617 10 1.2 16.2
0 200.716 10 1.2 16.2
0 200.816 10 1.2 16.2
0 200.916 10 1.2 16.2
0 201.017 10 1.2 16.2
0 201.117 10 1.2 16.2
0 201.217 10 1.2 16.2
0 201.318 10 1.2 16.2
0 201.417 10 1.2 16.2
0 201.519 10 1.2 16.2
0 201.618 10 1.2 16.2
0 201.718 10 1.2 16.2
0 201.818 10 1.2 16.2
0 201.918 10 1.2 16.2
0 202.018 10 1.2 16.2
0 202.118 10 1.2 16.2
0 202.218 10 1.2 16.2
0 202.318 10 1.2 16.2
0 202.419 10 1.2 16.2
0 202.519 10 1.2 16.2
0 202.619 10 1.2 16.2
0 202.719 10 1.2 16.2
0 202.819 10 1.2 16.2
0 202.92 10 1.2 16.2
0 203.019 10 1.2 16.2
0 203.111 11 1.2 16.2
0 203.22 9 1.2 16.2
0 203.32 10 1.2 16.2
0 203.42 10 1.2 16.2
0 203.521 10 1.2 16.2
0 203.621 10 1.2 16.2
0 203.721 10 1.2 16.2
0 203.821 10 1.2 16.2
0 203.921 10 1.2 16.2
0 204.021 10 1.2 16.2
0 204.121 10 1.2 16.2
0 204.221 10 1.2 16.2
0 204.322 10 1.2 16.2
0 204.422 10 1.2 16.2
0 204.523 10 1.2 16.2
0 204.623 10 1.2 16.2
0 204.722 10 1.2 16.2
0 204.823 10 1.2 16.2
0 204.923 10 1.2 16.2
0 205.023 10 1.2 16.2
0 205.123 10 1.2 16.2
0 205.223 10 1.2 16.2
0 205.323 10 1.2 16.2
0 205.423 10 1.2 16.2
0 205.524 10 1.2 16.2
0 205.624 10 1.2 16.2
0 205.724 10 1.2 16.2
0 205.825 10 1.2 16.2
0 205.925 10 1.2 16.2
0 206.025 10 1.2 16.2
0 206.124 10 1.2 16.2
0 206.225 10 1.2 16.2
0 206.326 10 1.2 16.2
0 206.425 10 1.2 16.2
0 206.526 10 1.2 16.2
0 206.627 10 1.2 16.2
0 206.726 10 1.2 16.2
0 206.827 10 1.2 16.2
0 206.926 10 1.2 16.2
0 207.026 10 1.2 16.2
0 207.126 10 1.2 16.2
0 207.226 10 1.2 16.2
0 207.326 10 1.2 16.2
0 207.426 10 1.2 16.2
0 207.528 10 1.2 16.2
0 207.627 10 1.2 16.2
0 207.727 10 1.2 16.2
0 207.827 10 1.2 16.2
0 207.928 10 1.2 16.2
0 208.028 10 1.2 16.2
0 208.127 10 1.2 16.2
0 208.228 10 1.2 16.2
0 208.328 10 1.2 16.2
0 208.428 10 1.2 16.2
0 208.529 10 1.2 16.2
0 208.63 10 1.2 16.2
0 208.729 10 1.2 16.2
0 208.829 10 1.2 16.2
0 208.929 10 1.2 16.2
0 209.029 10 1.2 16.2
0 209.129 10 1.2 16.2
0 209.229 10 1.2 16.2
0 209.329 10 1.2 16.2
0 209.43 10 1.2 16.2
0 209.531 10 1.2 16.2
0 209.631 10 1.2 16.2
0 209.73 10 1.2 16.2
0 209.831 10 1.2 16.2
0 209.931 10 1.2 16.2
0 210.031 10 1.2 16.2
0 210.131 10 1.2 16.2
0 210.231 10 1.2 16.2
0 210.332 10 1.2 16.2
0 210.432 10 1.2 16.2
0 210.533 10 1.2 16.2
0 210.632 10 1.2 16.2
0 210.732 10 1.2 16.2
0 210.833 10 1.2 16.2
0 210.932 10 1.2 16.2
0 211.033 10 1.2 16.2
0 211.133 10 1.2 16.2
0 211.232 10 1.2 16.2
0 211.333 10 1.2 16.2
0 211.433 10 1.2 16.2
0 211.534 10 1.2 16.2
0 211.635 10 1.2 16.2
0 211.734 10 1.2 16.2
0 211.834 10 1.2 16.2
0 211.934 10 1.2 16.2
0 212.034 10 1.2 16.2
0 212.134 10 1.2 16.2
0 212.234 10 1.2 16.2
0 212.334 10 1.2 16.2
0 212.434 10 1.2 16.2
0 212.535 10 1.2 16.2
0 212.636 10 1.2 16.2
0 212.735 10 1.2 16.2
0 212.836 10 1.2 16.2
0 212.936 10 1.2 16.2
0 213.036 10 1.2 16.2
0 213.134 10 1.2 16.2
0 213.235 10 1.2 16.2
0 213.336 10 1.2 16.2
0 213.436 10 1.2 16.2
0 213.537 10 1.2 16.2
0 213.637 10 1.2 16.2
0 213.737 10 1.2 16.2
0 213.837 10 1.2 16.2
0 213.937 10 1.2 16.2
0 214.038 10 1.2 16.2
0 214.137 10 1.2 16.2
0 214.238 10 1.2 16.2
0 214.338 10 1.2 16.2
0 214.438 10 1.2 16.2
0 214.538 10 1.2 16.2
0 214.638 10 1.2 16.2
0 214.739 10 1.2 16.2
0 214.84 10 1.2 16.2
0 214.939 10 1.2 16.2
0 215.039 10 1.2 16.2
0 215.139 10 1.2 16.2
0 215.239 10 1.2 16.2
0 215.34 10 1.2 16.2
0 215.439 10 1.2 16.2
0 215.54 10 1.2 16.2
0 215.641 10 1.2 16.2
0 215.74 10 1.2 16.2
0 215.841 10 1.2 16.2
0 215.94 10 1.2 16.2
0 216.04 10 1.2 16.2
0 216.142 10 1.2 16.2
0 216.241 10 1.2 16.2
0 216.341 10 1.2 16.2
0 216.441 10 1.2 16.2
0 216.542 10 1.2 16.2
0 216.644 10 1.2 16.2
0 216.742 10 1.2 16.2
0 216.842 10 1.2 16.2
0 216.942 10 1.2 16.2
0 217.042 10 1.2 16.2
0 217.144 10 1.2 16.2
0 217.243 10 1.2 16.2
0 217.342 10 1.2 16.2
0 217.442 10 1.2 16.2
0 217.543 10 1.2 16.2
0 217.646 10 1.2 16.2
0 217.743 10 1.2 16.2
0 217.843 10 1.2 16.2
0 217.943 10 1.2 16.2
0 218.043 10 1.2 16.2
0 218.145 10 1.2 16.2
0 218.243 10 1.2 16.2
0 218.344 10 1.2 16.2
0 218.444 10 1.2 16.2
0 218.545 10 1.2 16.2
0 218.647 10 1.2 16.2
0 218.744 10 1.2 16.2
0 218.845 10 1.2 16.2
0 218.945 10 1.2 16.2
0 219.045 10 1.2 16.2
0 219.148 10 1.2 16.2
0 219.245 10 1.2 16.2
0 219.345 10 1.2 16.2
0 219.445 10 1.2 16.2
0 219.546 10 1.2 16.2
0 219.651 10 1.2 16.2
0 219.746 11 1.2 16.2
0 219.846 10 1.2 16.2
0 219.946 10 1.2 16.2
0 220.046 10 1.2 16.2
0 220.15 10 1.2 16.2
0 220.247 10 1.2 16.2
0 220.347 10 1.3 16.2
0 220.447 10 1.3 16.2
0 220.547 10 1.3 16.2
0 220.653 9 1.3 16.2
0 220.747 11 1.3 16.2
0 220.848 10 1.3 16.2
0 220.948 10 1.3 16.2
0 221.048 10 1.3 16.2
0 221.152 10 1.3 16.2
0 221.248 10 1.3 16.2
0 221.348 10 1.3 16.2
0 221.448 10 1.3 16.2
0 221.549 10 1.3 16.2
0 221.655 9 1.3 16.2
0 221.749 11 1.3 16.2
0 221.849 10 1.3 16.2
0 221.949 10 1.3 16.2
0 222.049 10 1.3 16.2
0 222.155 9 1.3 16.2
0 222.25 11 1.3 16.2
0 222.35 10 1.3 16.2
0 222.45 10 1.3 16.2
0 222.551 10 1.3 16.2
0 222.657 9 1.3 16.2
0 222.751 11 1.3 16.2
0 222.851 10 1.3 16.2
0 222.951 10 1.3 16.2
0 223.051 10 1.3 16.2
0 223.156 10 1.3 16.2
0 223.252 10 1.3 16.2
0 223.352 10 1.3 16.2
0 223.451 10 1.3 16.2
0 223.552 10 1.3 16.2
0 223.658 9 1.3 16.2
0 223.752 11 1.3 16.2
0 223.852 10 1.3 16.2
0 223.952 10 1.3 16.2
0 224.053 10 1.3 16.2
0 224.157 10 1.3 16.2
0 224.253 10 1.3 16.2
0 224.353 10 1.3 16.2
0 224.453 10 1.3 16.2
0 224.554 10 1.3 16.2
0 224.659 10 1.3 16.2
0 224.753 11 1.3 16.2
0 224.855 10 1.3 16.2
0 224.955 10 1.3 16.2
0 225.055 10 1.3 16.2
0 225.158 10 1.3 16.2
0 225.255 10 1.3 16.2
0 225.354 10 1.3 16.2
0 225.454 10 1.3 16.2
0 225.556 10 1.3 16.2
0 225.659 10 1.3 16.2
0 225.755 10 1.3 16.2
0 225.856 10 1.3 16.2
0 225.956 10 1.3 16.2
0 226.056 10 1.3 16.2
0 226.159 10 1.3 16.2
0 226.256 10 1.3 16.2
0 226.356 10 1.3 16.2
0 226.456 10 1.3 16.2
0 226.558 10 1.3 16.2
0 226.66 10 1.3 16.2
0 226.757 10 1.3 16.2
0 226.858 10 1.3 16.2
0 226.957 10 1.3 16.2
0 227.057 10 1.3 16.2
0 227.16 10 1.3 16.2
0 227.258 10 1.3 16.2
0 227.358 10 1.3 16.2
0 227.457 10 1.3 16.2
0 227.559 10 1.3 16.2
0 227.66 10 1.3 16.2
0 227.758 10 1.3 16.2
0 227.859 10 1.3 16.2
0 227.958 10 1.3 16.2
0 228.059 10 1.3 16.2
0 228.15 11 1.3 16.2
0 228.255 9 1.3 16.2
0 228.359 10 1.3 16.2
0 228.459 10 1.3 16.2
0 228.56 10 1.3 16.2
0 228.661 10 1.3 16.2
0 228.759 10 1.3 16.2
0 228.859 10 1.3 16.2
0 228.96 10 1.3 16.2
0 229.06 10 1.3 16.2
0 229.161 10 1.3 16.2
0 229.26 10 1.3 16.2
0 229.36 10 1.3 16.2
0 229.46 10 1.3 16.2
0 229.561 10 1.3 16.2
0 229.662 10 1.3 16.2
0 229.761 10 1.3 16.2
0 229.861 10 1.3 16.2
0 229.961 10 1.3 16.2
0 230.061 10 1.3 16.2
0 230.162 10 1.3 16.2
0 230.261 10 1.3 16.2
0 230.362 10 1.3 16.2
0 230.462 10 1.3 16.2
0 230.563 10 1.3 16.2
0 230.663 10 1.3 16.2
0 230.762 10 1.3 16.2
0 230.863 10 1.3 16.2
0 230.963 10 1.3 16.2
0 231.063 10 1.3 16.2
0 231.163 10 1.3 16.2
0 231.264 10 1.3 16.2
0 231.364 10 1.3 16.2
0 231.463 10 1.3 16.2
0 231.564 10 1.3 16.2
0 231.664 10 1.3 16.2
0 231.764 10 1.3 16.2
0 231.865 10 1.3 16.2
0 231.964 10 1.3 16.2
0 232.064 10 1.3 16.2
0 232.164 10 1.3 16.2
0 232.264 10 1.3 16.2
0 232.364 10 1.3 16.2
0 232.464 10 1.3 16.2
0 232.565 10 1.3 16.2
0 232.665 10 1.3 16.2
0 232.765 10 1.3 16.2
0 232.866 10 1.3 16.2
0 232.966 10 1.3 16.2
0 233.066 10 1.3 16.2
0 233.158 11 1.3 16.2
0 233.262 10 1.3 16.2
0 233.366 10 1.3 16.2
0 233.466 10 1.3 16.2
0 233.567 10 1.3 16.2
0 233.666 10 1.3 16.2
0 233.766 10 1.3 16.2
0 233.867 10 1.3 16.2
0 233.967 10 1.3 16.2
0 234.068 10 1.3 16.2
0 234.166 10 1.3 16.2
0 234.267 10 1.3 16.2
0 234.367 10 1.3 16.2
0 234.467 10 1.3 16.2
0 234.569 10 1.3 16.2
0 234.667 10 1.3 16.2
0 234.768 10 1.3 16.2
0 234.869 10 1.3 16.2
0 234.968 10 1.3 16.2
0 235.069 10 1.3 16.2
0 235.168 10 1.3 16.2
0 235.268 10 1.3 16.2
0 235.369 10 1.3 16.2
0 235.469 10 1.3 16.2
0 235.571 10 1.3 16.2
0 235.669 10 1.3 16.2
0 235.769 10 1.3 16.2
0 235.871 10 1.3 16.2
0 235.97 10 1.3 16.2
0 236.071 10 1.3 16.2
0 236.169 10 1.3 16.2
0 236.27 10 1.3 16.2
0 236.371 10 1.3 16.2
0 236.47 10 1.3 16.2
0 236.572 10 1.3 16.2
0 236.671 10 1.3 16.2
0 236.771 10 1.3 16.2
0 236.872 10 1.3 16.2
0 236.971 10 1.3 16.2
0 237.072 10 1.3 16.2
0 237.171 10 1.3 16.2
0 237.272 10 1.3 16.2
0 237.372 10 1.3 16.2
0 237.472 10 1.3 16.2
0 237.574 10 1.3 16.2
0 237.672 10 1.3 16.2
0 237.772 10 1.3 16.2
0 237.873 10 1.3 16.2
0 237.973 10 1.3 16.2
0 238.074 10 1.3 16.2
0 238.171 10 1.3 16.2
0 238.273 10 1.3 16.2
0 238.373 10 1.3 16.2
0 238.473 10 1.3 16.2
0 238.575 10 1.3 16.2
0 238.674 10 1.3 16.2
0 238.774 10 1.3 16.2
0 238.865 11 1.3 16.2
0 238.971 9 1.3 16.2
0 239.076 10 1.3 16.2
0 239.174 10 1.3 16.2
0 239.276 10 1.3 16.2
0 239.375 10 1.3 16.2
0 239.475 10 1.3 16.2
0 239.577 10 1.3 16.2
0 239.676 10 1.3 16.2
0 239.776 10 1.3 16.2
0 239.876 10 1.3 16.2
0 239.976 10 1.3 16.2
0 240.077 10 1.3 16.2
0 240.175 10 1.3 16.2
0 240.276 10 1.3 16.2
0 240.376 10 1.2 16.2
0 240.476 10 1.2 16.2
0 240.577 10 1.2 16.2
0 240.677 10 1.2 16.2
0 240.777 10 1.2 16.2
0 240.877 10 1.2 16.2
0 240.978 10 1.2 16.2
0 241.078 10 1.2 16.2
0 241.176 10 1.2 16.2
0 241.277 10 1.2 16.2
0 241.378 10 1.2 16.2
0 241.478 10 1.2 16.2
0 241.58 10 1.2 16.2
0 241.679 10 1.2 16.2
0 241.778 10 1.2 16.2
0 241.879 10 1.2 16.2
0 241.979 10 1.2 16.2
0 242.08 10 1.2 16.2
0 242.178 10 1.2 16.2
0 242.279 10 1.2 16.2
0 242.379 10 1.2 16.2
0 242.479 10 1.2 16.2
0 242.58 10 1.2 16.2
0 242.68 10 1.2 16.2
0 242.779 10 1.2 16.2
0 242.88 10 1.2 16.2
0 242.98 10 1.2 16.2
0 243.081 10 1.2 16.2
0 243.177 10 1.2 16.2
0 243.28 10 1.2 16.2
0 243.38 10 1.2 16.2
0 243.478 10 1.2 16.2
0 243.583 10 1.2 16.2
0 243.682 10 1.2 16.2
0 243.782 10 1.2 16.2
0 243.882 10 1.2 16.2
0 243.982 10 1.2 16.2
0 244.083 10 1.2 16.2
0 244.181 10 1.2 16.2
0 244.283 10 1.2 16.2
0 244.383 10 1.2 16.2
0 244.483 10 1.2 16.2
0 244.584 10 1.2 16.2
0 244.683 10 1.2 16.2
0 244.783 10 1.2 16.2
0 244.883 10 1.2 16.2
0 244.983 10 1.2 16.2
0 245.085 10 1.2 16.2
0 245.183 10 1.2 16.2
0 245.284 10 1.2 16.2
0 245.383 10 1.2 16.2
0 245.484 10 1.2 16.2
0 245.586 10 1.2 16.2
0 245.684 10 1.2 16.2
0 245.785 10 1.2 16.2
0 245.885 10 1.2 16.2
0 245.985 10 1.2 16.2
0 246.086 10 1.2 16.2
0 246.184 10 1.2 16.2
0 246.285 10 1.2 16.2
0 246.385 10 1.2 16.2
0 246.486 10 1.2 16.2
0 246.587 10 1.2 16.2
0 246.687 10 1.2 16.2
0 246.786 10 1.2 16.2
0 246.885 10 1.2 16.2
0 246.987 10 1.2 16.2
0 247.087 10 1.2 16.2
0 247.186 10 1.2 16.2
0 247.287 10 1.2 16.2
0 247.387 10 1.2 16.2
0 247.487 10 1.2 16.2
0 247.588 10 1.2 16.2
0 247.687 10 1.2 16.2
0 247.787 10 1.2 16.2
0 247.887 10 1.2 16.2
0 247.987 10 1.2 16.2
0 248.088 10 1.2 16.2
0 248.186 10 1.2 16.2
0 248.287 10 1.2 16.2
0 248.387 10 1.2 16.2
0 248.488 10 1.2 16.2
0 248.589 10 1.2 16.2
0 248.688 10 1.2 16.2
0 248.789 10 1.2 16.2
0 248.89 10 1.2 16.2
0 248.989 10 1.2 16.2
0 249.09 10 1.2 16.2
0 249.187 10 1.2 16.2
0 249.289 10 1.2 16.2
0 249.389 10 1.2 16.2
0 249.489 10 1.2 16.2
0 249.591 10 1.2 16.2
0 249.69 10 1.2 16.2
0 249.79 10 1.2 16.2
0 249.891 10 1.2 16.2
0 249.991 10 1.2 16.2
0 250.091 10 1.2 16.2
0 250.19 10 1.2 16.2
0 250.291 10 1.2 16.2
0 250.391 10 1.2 16.2
0 250.491 10 1.2 16.2
0 250.592 10 1.2 16.2
0 250.691 10 1.2 16.2
0 250.791 10 1.2 16.2
0 250.892 10 1.2 16.2
0 250.992 10 1.2 16.2
0 251.092 10 1.2 16.2
0 251.192 10 1.2 16.2
0 251.292 10 1.2 16.2
0 251.392 10 1.2 16.2
0 251.492 10 1.2 16.2
0 251.593 10 1.2 16.2
0 251.693 10 1.2 16.2
0 251.793 10 1.2 16.2
0 251.893 10 1.2 16.2
0 251.99 10 1.2 16.2
0 252.094 10 1.2 16.2
0 252.192 10 1.2 16.2
0 252.294 10 1.2 16.2
0 252.394 10 1.2 16.2
0 252.494 10 1.2 16.2
0 252.595 10 1.2 16.2
0 252.693 10 1.2 16.2
0 252.794 10 1.2 16.2
0 252.894 10 1.2 16.2
0 252.994 10 1.2 16.2
0 253.095 10 1.2 16.2
0 253.195 10 1.2 16.2
0 253.295 10 1.2 16.2
0 253.395 10 1.2 16.2
0 253.495 10 1.2 16.2
0 253.596 10 1.2 16.2
0 253.696 10 1.2 16.2
0 253.795 10 1.2 16.2
0 253.896 10 1.2 16.2
0 253.996 10 1.2 16.2
0 254.097 10 1.2 16.2
0 254.195 10 1.2 16.2
0 254.297 10 1.2 16.2
0 254.396 10 1.2 16.2
0 254.496 10 1.2 16.2
0 254.598 10 1.2 16.2
0 254.697 10 1.2 16.2
0 254.797 10 1.2 16.2
0 254.897 10 1.2 16.2
0 254.997 10 1.2 16.2
0 255.098 10 1.2 16.2
0 255.197 10 1.2 16.2
0 255.297 10 1.2 16.2
0 255.397 10 1.2 16.2
0 255.498 10 1.2 16.2
0 255.598 10 1.2 16.2
0 255.699 10 1.2 16.2
0 255.798 10 1.2 16.2
0 255.899 10 1.2 16.2
0 255.999 10 1.2 16.2
0 256.099 10 1.2 16.2
0 256.198 10 1.2 16.2
0 256.299 10 1.2 16.2
0 256.399 10 1.2 16.2
0 256.499 10 1.2 16.2
0 256.601 10 1.2 16.2
0 256.701 10 1.2 16.2
0 256.8 10 1.2 16.2
0 256.901 10 1.2 16.2
0 257.001 10 1.2 16.2
0 257.1 10 1.2 16.2
0 257.199 10 1.2 16.2
0 257.301 10 1.2 16.2
0 257.401 10 1.2 16.2
0 257.501 10 1.2 16.2
0 257.602 10 1.2 16.2
0 257.702 10 1.2 16.2
0 257.802 10 1.2 16.2
0 257.902 10 1.2 16.2
0 258.002 10 1.2 16.2
0 258.103 10 1.2 16.2
0 258.201 10 1.2 16.2
0 258.302 10 1.2 16.2
0 258.402 10 1.2 16.2
0 258.503 10 1.2 16.2
0 258.603 10 1.2 16.2
0 258.703 10 1.2 16.2
0 258.803 10 1.2 16.2
0 258.904 10 1.2 16.2
0 259.004 10 1.2 16.2
0 259.104 10 1.2 16.2
0 259.202 10 1.2 16.2
0 259.304 10 1.2 16.2
0 259.404 10 1.2 16.2
0 259.504 10 1.2 16.2
0 259.604 10 1.2 16.2
0 259.704 10 1.2 16.2
0 259.804 10 1.2 16.2
0 259.904 10 1.2 16.2
0 260.005 10 1.2 16.2
0 260.105 10 1.2 16.2
0 260.205 10 1.2 16.2
0 260.305 10 1.2 16.2
0 260.406 10 1.1 16.2
0 260.505 10 1.1 16.2
0 260.606 10 1.1 16.2
0 260.706 10 1.1 16.2
0 260.806 10 1.1 16.2
0 260.907 10 1.1 16.2
0 261.007 10 1.1 16.2
0 261.107 10 1.1 16.2
0 261.206 10 1.1 16.2
0 261.307 10 1.1 16.2
0 261.407 10 1.1 16.2
0 261.507 10 1.1 16.2
0 261.608 10 1.1 16.2
0 261.709 10 1.1 16.2
0 261.808 10 1.1 16.2
0 261.907 10 1.1 16.2
0 262.008 10 1.1 16.2
0 262.109 10 1.1 16.2
0 262.207 10 1.1 16.2
0 262.308 10 1.1 16.2
0 262.408 10 1.1 16.2
0 262.509 10 1.1 16.2
0 262.61 10 1.1 16.2
0 262.708 10 1.1 16.2
0 262.809 10 1.1 16.2
0 262.909 10 1.1 16.2
0 263.01 10 1.1 16.2
0 263.11 10 1.1 16.2
0 263.21 10 1.1 16.2
0 263.31 10 1.1 16.2
0 263.41 10 1.1 16.2
0 263.51 10 1.1 16.2
0 263.61 10 1.1 16.2
0 263.711 10 1.1 16.2
0 263.81 10 1.1 16.2
0 263.911 10 1.1 16.2
0 264.011 10 1.1 16.2
0 264.111 10 1.1 16.2
0 264.21 10 1.1 16.2
0 264.311 10 1.1 16.2
0 264.411 10 1.1 16.2
0 264.511 10 1.1 16.2
0 264.612 10 1.1 16.2
0 264.711 10 1.1 16.2
0 264.812 10 1.1 16.2
0 264.912 10 1.1 16.2
0 265.012 10 1.1 16.2
0 265.113 10 1.1 16.2
0 265.212 10 1.1 16.2
0 265.313 10 1.1 16.2
0 265.413 10 1.1 16.2
0 265.513 10 1.1 16.2
0 265.614 10 1.1 16.2
0 265.713 10 1.1 16.2
0 265.814 10 1.1 16.2
0 265.914 10 1.1 16.2
0 266.014 10 1.1 16.2
0 266.115 10 1.1 16.2
0 266.213 10 1.1 16.2
0 266.314 10 1.1 16.2
0 266.414 10 1.1 16.2
0 266.514 10 1.1 16.2
0 266.616 10 1.1 16.2
0 266.716 10 1.1 16.2
0 266.815 10 1.1 16.2
0 266.915 10 1.1 16.2
0 267.016 10 1.1 16.2
0 267.116 10 1.1 16.2
0 267.215 10 1.1 16.2
0 267.316 10 1.1 16.2
0 267.416 10 1.1 16.2
0 267.516 10 1.1 16.2
0 267.616 10 1.1 16.2
0 267.717 10 1.1 16.2
0 267.817 10 1.1 16.2
0 267.917 10 1.1 16.2
0 268.017 10 1.1 16.2
0 268.118 10 1.1 16.2
0 268.216 10 1.1 16.2
0 268.311 11 1.1 16.2
0 268.415 10 1.1 16.2
0 268.518 10 1.1 16.2
0 268.618 10 1.1 16.2
0 268.719 10 1.1 16.2
0 268.819 10 1.1 16.2
0 268.919 10 1.1 16.2
0 269.019 10 1.1 16.2
0 269.12 10 1.1 16.2
0 269.218 10 1.1 16.2
0 269.319 10 1.1 16.2
0 269.42 10 1.1 16.2
0 269.519 10 1.1 16.2
0 269.62 10 1.1 16.2
0 269.72 10 1.1 16.2
0 269.82 10 1.1 16.2
0 269.92 10 1.1 16.2
0 270.02 10 1.1 16.2
0 270.121 10 1.1 16.2
0 270.219 10 1.1 16.2
0 270.321 10 1.1 16.2
0 270.421 10 1.1 16.2
0 270.521 10 1.1 16.2
0 270.621 10 1.1 16.2
0 270.722 10 1.1 16.2
0 270.822 10 1.1 16.2
0 270.922 10 1.1 16.2
0 271.022 10 1.1 16.2
0 271.123 10 1.1 16.2
0 271.222 10 1.1 16.2
0 271.323 10 1.1 16.2
0 271.422 10 1.1 16.2
0 271.522 10 1.1 16.2
0 271.624 10 1.1 16.2
0 271.724 10 1.1 16.2
0 271.823 10 1.1 16.2
0 271.923 10 1.1 16.2
0 272.024 10 1.1 16.2
0 272.124 10 1.1 16.2
0 272.223 10 1.1 16.2
0 272.324 10 1.1 16.2
0 272.424 10 1.1 16.2
0 272.524 10 1.1 16.2
0 272.625 10 1.1 16.2
0 272.725 10 1.1 16.2
0 272.825 10 1.1 16.2
0 272.925 10 1.1 16.2
0 273.025 10 1.1 16.2
0 273.126 10 1.1 16.2
0 273.224 10 1.1 16.2
0 273.326 10 1.1 16.2
0 273.426 10 1.1 16.2
0 273.526 10 1.1 16.2
0 273.627 10 1.1 16.2
0 273.726 10 1.1 16.2
0 273.826 10 1.1 16.2
0 273.926 10 1.1 16.2
0 274.026 10 1.1 16.2
0 274.127 10 1.1 16.2
0 274.226 10 1.1 16.2
0 274.327 10 1.1 16.2
0 274.427 10 1.1 16.2
0 274.526 10 1.1 16.2
0 274.628 10 1.1 16.2
0 274.727 10 1.1 16.2
0 274.827 10 1.1 16.2
0 274.927 10 1.1 16.2
0 275.028 10 1.1 16.2
0 275.128 10 1.1 16.2
0 275.227 10 1.1 16.2
0 275.328 10 1.1 16.2
0 275.428 10 1.1 16.2
0 275.528 10 1.1 16.2
0 275.629 10 1.1 16.2
0 275.729 10 1.1 16.2
0 275.829 10 1.1 16.2
0 275.929 10 1.1 16.2
0 276.029 10 1.1 16.2
0 276.13 10 1.1 16.2
0 276.229 10 1.1 16.2
0 276.33 10 1.1 16.2
0 276.429 10 1.1 16.2
0 276.53 10 1.1 16.2
0 276.631 10 1.1 16.2
0 276.731 10 1.1 16.2
0 276.83 10 1.1 16.2
0 276.93 10 1.1 16.2
0 277.032 10 1.1 16.2
0 277.131 10 1.1 16.2
0 277.231 10 1.1 16.2
0 277.331 10 1.1 16.2
0 277.431 10 1.1 16.2
0 277.531 10 1.1 16.2
0 277.632 10 1.1 16.2
0 277.732 10 1.1 16.2
0 277.832 10 1.1 16.2
0 277.932 10 1.1 16.2
0 278.032 10 1.1 16.2
0 278.133 10 1.1 16.2
0 278.232 10 1.1 16.2
0 278.332 10 1.1 16.2
0 278.433 10 1.1 16.2
0 278.533 10 1.1 16.2
0 278.634 10 1.1 16.2
0 278.734 10 1.1 16.2
0 278.834 10 1.1 16.2
0 278.934 10 1.1 16.2
0 279.035 10 1.1 16.2
0 279.134 10 1.1 16.2
0 279.234 10 1.1 16.2
0 279.335 10 1.1 16.2
0 279.434 10 1.1 16.2
0 279.534 10 1.1 16.2
0 279.636 10 1.1 16.2
0 279.735 10 1.1 16.2
0 279.835 10 1.1 16.2
0 279.935 10 1.1 16.2
0 280.036 10 1.1 16.2
0 280.135 10 1.1 16.2
0 280.235 10 1.1 16.2
0 280.336 10 1.1 16.2
0 280.436 10 1.1 16.2
0 280.536 10 1.1 16.2
0 280.637 10 1.1 16.2
0 280.737 10 1.1 16.2
0 280.836 10 1.1 16.2
0 280.937 10 1.1 16.2
0 281.036 10 1.1 16.2
0 281.137 10 1.1 16.2
0 281.236 10 1.1 16.2
0 281.336 10 1.1 16.2
0 281.437 10 1.1 16.2
0 281.537 10 1.1 16.2
0 281.638 10 1.1 16.2
0 281.739 10 1.1 16.2
0 281.838 10 1.1 16.2
0 281.938 10 1.1 16.2
0 282.038 10 1.1 16.2
0 282.139 10 1.1 16.2
0 282.238 10 1.1 16.2
0 282.338 10 1.1 16.2
0 282.439 10 1.1 16.2
0 282.538 10 1.1 16.2
0 282.64 10 1.1 16.2
0 282.739 10 1.1 16.2
0 282.839 10 1.1 16.2
0 282.94 10 1.1 16.2
0 283.04 10 1.1 16.2
0 283.141 10 1.1 16.2
0 283.237 10 1.1 16.2
0 283.339 10 1.1 16.2
0 283.44 10 1.1 16.2
0 283.54 10 1.1 16.2
0 283.641 10 1.1 16.2
0 283.741 10 1.1 16.2
0 283.841 10 1.1 16.2
0 283.941 10 1.1 16.2
0 284.041 10 1.1 16.2
0 284.142 10 1.1 16.2
0 284.241 10 1.1 16.2
0 284.341 10 1.1 16.2
0 284.441 10 1.1 16.2
0 284.541 10 1.1 16.2
0 284.643 10 1.1 16.2
0 284.742 10 1.1 16.2
0 284.843 10 1.1 16.2
0 284.942 10 1.1 16.2
0 285.043 10 1.1 16.2
0 285.143 10 1.1 16.2
0 285.243 10 1.1 16.2
0 285.343 10 1.1 16.2
0 285.443 10 1.1 16.2
0 285.543 10 1.1 16.2
0 285.644 10 1.1 16.2
0 285.744 10 1.1 16.2
0 285.843 10 1.1 16.2
0 285.944 10 1.1 16.2
0 286.044 10 1.1 16.2
0 286.144 10 1.1 16.2
0 286.244 10 1.1 16.2
0 286.344 10 1.1 16.2
0 286.444 10 1.1 16.2
0 286.544 10 1.1 16.2
0 286.646 10 1.1 16.2
0 286.746 10 1.1 16.2
0 286.845 10 1.1 16.2
0 286.945 10 1.1 16.2
0 287.042 10 1.1 16.2
0 287.146 10 1.1 16.2
0 287.245 10 1.1 16.2
0 287.346 10 1.1 16.2
0 287.446 10 1.1 16.2
0 287.545 10 1.1 16.2
0 287.647 10 1.1 16.2
0 287.746 10 1.1 16.2
0 287.846 10 1.1 16.2
0 287.943 10 1.1 16.2
0 288.047 10 1.1 16.2
0 288.147 10 1.1 16.2
0 288.244 10 1.1 16.2
0 288.347 10 1.1 16.2
0 288.447 10 1.1 16.2
0 288.547 10 1.1 16.2
0 288.648 10 1.1 16.2
0 288.748 10 1.1 16.2
0 288.848 10 1.1 16.2
0 288.944 10 1.1 16.2
0 289.048 10 1.1 16.2
0 289.149 10 1.1 16.2
0 289.248 10 1.1 16.2
0 289.348 10 1.1 16.2
0 289.449 10 1.1 16.2
0 289.548 10 1.1 16.2
0 289.65 10 1.1 16.2
0 289.75 10 1.1 16.2
0 289.849 10 1.1 16.2
0 289.946 10 1.1 16.2
0 290.05 10 1.1 16.2
0 290.15 10 1.1 16.2
0 290.249 10 1.1 16.2
0 290.35 10 1.1 16.2
0 290.451 10 1.1 16.1
0 290.55 10 1.1 16.1
0 290.651 10 1.1 16.1
0 290.751 10 1.1 16.1
0 290.85 10 1.1 16.1
0 290.951 10 1.1 16.1
0 291.051 10 1.1 16.1
0 291.152 10 1.1 16.1
0 291.248 10 1.1 16.1
0 291.352 10 1.1 16.1
0 291.451 10 1.1 16.1
0 291.552 10 1.1 16.1
0 291.653 10 1.1 16.1
0 291.753 10 1.1 16.1
0 291.852 10 1.1 16.1
0 291.952 10 1.1 16.1
0 292.049 10 1.1 16.1
0 292.153 10 1.1 16.1
0 292.252 10 1.1 16.1
0 292.353 10 1.1 16.1
0 292.453 10 1.1 16.1
0 292.553 10 1.1 16.1
0 292.655 10 1.1 16.1
0 292.754 10 1.1 16.1
0 292.853 10 1.1 16.1
0 292.954 10 1.1 16.1
0 293.05 10 1.1 16.1
0 293.154 10 1.1 16.1
0 293.252 10 1.1 16.1
0 293.354 10 1.1 16.1
0 293.454 10 1.1 16.1
0 293.554 10 1.1 16.1
0 293.656 10 1.1 16.1
0 293.755 10 1.1 16.1
0 293.855 10 1.1 16.1
0 293.955 10 1.1 16.1
0 294.052 10 1.1 16.1
0 294.156 10 1.1 16.1
0 294.255 10 1.1 16.1
0 294.356 10 1.1 16.1
0 294.456 10 1.1 16.1
0 294.556 10 1.1 16.1
0 294.657 10 1.1 16.1
0 294.756 10 1.1 16.1
0 294.856 10 1.1 16.1
0 294.953 10 1.1 16.1
0 295.057 10 1.1 16.1
0 295.157 10 1.1 16.1
0 295.257 10 1.1 16.1
0 295.356 10 1.1 16.1
0 295.457 10 1.1 16.1
0 295.557 10 1.1 16.1
0 295.659 10 1.1 16.1
0 295.759 10 1.1 16.1
0 295.858 10 1.1 16.1
0 295.955 10 1.1 16.1
0 296.059 10 1.1 16.1
0 296.159 10 1.1 16.1
0 296.258 10 1.1 16.1
0 296.359 10 1.1 16.1
0 296.459 10 1.1 16.1
0 296.559 10 1.1 16.1
0 296.661 10 1.1 16.1
0 296.761 10 1.1 16.1
0 296.86 10 1.1 16.1
0 296.96 10 1.1 16.1
0 297.056 10 1.1 16.1
0 297.16 10 1.1 16.1
0 297.26 10 1.1 16.1
0 297.36 10 1.1 16.1
0 297.461 10 1.1 16.1
0 297.56 10 1.1 16.1
0 297.661 10 1.1 16.1
0 297.761 10 1.1 16.1
0 297.861 10 1.1 16.1
0 297.961 10 1.1 16.1
0 298.061 10 1.1 16.1
0 298.162 10 1.1 16.1
0 298.26 10 1.1 16.1
0 298.362 10 1.1 16.1
0 298.462 10 1.1 16.1
0 298.562 10 1.1 16.1
0 298.663 10 1.1 16.1
0 298.762 10 1.1 16.1
0 298.862 10 1.1 16.1
0 298.962 10 1.1 16.1
0 299.063 10 1.1 16.1
0 299.163 10 1.1 16.1
0 299.262 10 1.1 16.1
0 299.363 10 1.1 16.1
0 299.463 10 1.1 16.1
0 299.563 10 1.1 16.1
0 299.664 10 1.1 16.1
0 299.764 10 1.1 16.1
0 299.864 10 1.1 16.1
0 299.964 10 1.1 16.1
0 300.064 10 1.1 16.1
0 300.165 10 1.1 16.1
0 300.264 10 1.1 16.1
0 300.364 10 1.1 16.1
0 300.465 10 1.1 16.1
0 300.564 10 1.1 16.1
0 300.665 10 1.1 16.1
0 300.765 10 1.1 16.1
0 300.865 10 1.1 16.1
0 300.965 10 1.1 16.1
0 301.066 10 1.1 16.1
0 301.166 10 1.1 16.1
0 301.265 10 1.1 16.1
0 301.365 10 1.1 16.1
0 301.466 10 1.1 16.1
0 301.566 10 1.1 16.1
0 301.667 10 1.1 16.1
0 301.767 10 1.1 16.1
0 301.867 10 1.1 16.1
0 301.967 10 1.1 16.1
0 302.068 10 1.1 16.1
0 302.168 10 1.1 16.1
0 302.267 10 1.1 16.1
0 302.368 10 1.1 16.1
0 302.468 10 1.1 16.1
0 302.566 10 1.1 16.1
0 302.669 10 1.1 16.1
0 302.768 10 1.1 16.1
0 302.868 10 1.1 16.1
0 302.968 10 1.1 16.1
0 303.069 10 1.1 16.1
0 303.169 10 1.1 16.1
0 303.268 10 1.1 16.1
0 303.369 10 1.1 16.1
0 303.469 10 1.1 16.1
0 303.569 10 1.1 16.1
0 303.67 10 1.1 16.1
0 303.77 10 1.1 16.1
0 303.871 10 1.1 16.1
0 303.97 10 1.1 16.1
0 304.071 10 1.1 16.1
0 304.171 10 1.1 16.1
0 304.27 10 1.1 16.1
0 304.37 10 1.1 16.1
0 304.471 10 1.1 16.1
0 304.571 10 1.1 16.1
0 304.672 10 1.1 16.1
0 304.772 10 1.1 16.1
0 304.871 10 1.1 16.1
0 304.972 10 1.1 16.1
0 305.072 10 1.1 16.1
0 305.172 10 1.1 16.1
0 305.272 10 1.1 16.1
0 305.372 10 1.1 16.1
0 305.472 10 1.1 16.1
0 305.572 10 1.1 16.1
0 305.673 10 1.1 16.1
0 305.772 10 1.1 16.1
0 305.872 10 1.1 16.1
0 305.972 10 1.1 16.1
0 306.073 10 1.1 16.1
0 306.174 10 1.1 16.1
0 306.273 10 1.1 16.1
0 306.374 10 1.1 16.1
0 306.473 10 1.1 16.1
0 306.574 10 1.1 16.1
0 306.674 10 1.1 16.1
0 306.775 10 1.1 16.1
0 306.874 10 1.1 16.1
0 306.974 10 1.1 16.1
0 307.075 10 1.1 16.1
0 307.175 10 1.1 16.1
0 307.274 10 1.1 16.1
0 307.374 10 1.1 16.1
0 307.475 10 1.1 16.1
0 307.575 10 1.1 16.1
0 307.676 10 1.1 16.1
0 307.776 10 1.1 16.1
0 307.876 10 1.1 16.1
0 307.976 10 1.1 16.1
0 308.076 10 1.1 16.1
0 308.176 10 1.1 16.1
0 308.275 10 1.1 16.1
0 308.376 10 1.1 16.1
0 308.477 10 1.1 16.1
0 308.577 10 1.1 16.1
0 308.678 10 1.1 16.1
0 308.777 10 1.1 16.1
0 308.877 10 1.1 16.1
0 308.977 10 1.1 16.1
0 309.077 10 1.1 16.1
0 309.178 10 1.1 16.1
0 309.277 10 1.1 16.1
0 309.378 10 1.1 16.1
0 309.477 10 1.1 16.1
0 309.577 10 1.1 16.1
0 309.679 10 1.1 16.1
0 309.778 10 1.1 16.1
0 309.878 10 1.1 16.1
0 309.978 10 1.1 16.1
0 310.079 10 1.1 16.1
0 310.18 10 1.1 16.1
0 310.276 10 1.1 16.1
0 310.379 10 1.1 16.1
0 310.479 10 1.2 16.1
0 310.58 10 1.2 16.1
0 310.681 10 1.2 16.1
0 310.78 10 1.2 16.1
0 310.88 10 1.2 16.1
0 310.981 10 1.2 16.1
0 311.08 10 1.2 16.1
0 311.181 10 1.2 16.1
0 311.28 10 1.2 16.1
0 311.377 10 1.2 16.1
0 311.481 10 1.2 16.1
0 311.581 10 1.2 16.1
0 311.682 10 1.2 16.1
0 311.782 10 1.2 16.1
0 311.882 10 1.2 16.1
0 311.982 10 1.2 16.1
0 312.083 10 1.2 16.1
0 312.183 10 1.2 16.1
0 312.282 10 1.2 16.1
0 312.379 10 1.2 16.1
0 312.482 10 1.2 16.1
0 312.582 10 1.2 16.1
0 312.684 10 1.2 16.1
0 312.783 10 1.2 16.1
0 312.884 10 1.2 16.1
0 312.983 10 1.2 16.1
0 313.084 10 1.2 16.1
0 313.184 10 1.2 16.1
0 313.283 10 1.2 16.1
0 313.38 10 1.2 16.1
0 313.484 10 1.2 16.1
0 313.584 10 1.2 16.1
0 313.685 10 1.2 16.1
0 313.785 10 1.2 16.1
0 313.884 10 1.2 16.1
0 313.985 10 1.2 16.1
0 314.085 10 1.2 16.1
0 314.185 10 1.2 16.1
0 314.282 10 1.2 16.1
0 314.385 10 1.2 16.1
0 314.486 10 1.2 16.1
0 314.585 10 1.2 16.1
0 314.686 10 1.2 16.1
0 314.786 10 1.2 16.1
0 314.886 10 1.2 16.1
0 314.987 10 1.2 16.1
0 315.088 10 1.2 16.1
0 315.186 10 1.2 16.1
0 315.283 10 1.2 16.1
0 315.387 10 1.2 16.1
0 315.487 10 1.2 16.1
0 315.588 10 1.2 16.1
0 315.686 10 1.2 16.1
0 315.787 10 1.2 16.1
0 315.888 10 1.2 16.1
0 315.988 10 1.2 16.1
0 316.088 10 1.2 16.1
0 316.187 10 1.2 16.1
0 316.288 10 1.2 16.1
0 316.385 10 1.2 16.1
0 316.489 10 1.2 16.1
0 316.588 10 1.2 16.1
0 316.687 10 1.2 16.1
0 316.789 10 1.2 16.1
0 316.89 10 1.2 16.1
0 316.99 10 1.2 16.1
0 317.091 10 1.2 16.1
0 317.188 10 1.2 16.1
0 317.286 10 1.2 16.1
0 317.39 10 1.2 16.1
0 317.49 10 1.2 16.1
0 317.59 10 1.2 16.1
0 317.688 10 1.2 16.1
0 317.79 10 1.2 16.1
0 317.89 10 1.2 16.1
0 317.991 10 1.2 16.1
0 318.091 10 1.2 16.1
0 318.188 10 1.2 16.1
0 318.288 10 1.2 16.1
0 318.391 10 1.2 16.1
0 318.491 10 1.2 16.1
0 318.592 10 1.2 16.1
0 318.688 10 1.2 16.1
0 318.792 10 1.2 16.1
0 318.892 10 1.2 16.1
0 318.992 10 1.2 16.1
0 319.089 10 1.2 16.1
0 319.192 10 1.2 16.1
0 319.293 10 1.2 16.1
0 319.392 10 1.2 16.1
0 319.493 10 1.2 16.1
0 319.594 10 1.2 16.1
0 319.689 10 1.2 16.1
0 319.79 10 1.2 16.1
0 319.893 10 1.2 16.1
0 319.993 10 1.2 16.1
0 320.094 10 1.2 16.1
0 320.189 10 1.2 16.1
0 320.294 10 1.2 16.1
0 320.391 10 1.2 16.1
0 320.495 10 1.1 16.1
0 320.594 10 1.1 16.1
0 320.69 10 1.1 16.1
0 320.795 9 1.1 16.1
0 320.895 10 1.1 16.1
0 320.995 10 1.1 16.1
0 321.095 10 1.1 16.1
0 321.19 11 1.1 16.1
0 321.292 10 1.1 16.1
0 321.395 10 1.1 16.1
0 321.496 10 1.1 16.1
0 321.596 10 1.1 16.1
0 321.691 10 1.1 16.1
0 321.797 9 1.1 16.1
0 321.897 10 1.1 16.1
0 321.996 10 1.1 16.1
0 322.093 10 1.1 16.1
0 322.191 10 1.1 16.1
0 322.297 9 1.1 16.1
0 322.397 10 1.1 16.1
0 322.498 10 1.1 16.1
0 322.597 10 1.1 16.1
0 322.691 11 1.1 16.1
0 322.794 10 1.1 16.1
0 322.898 10 1.1 16.1
0 322.998 10 1.1 16.1
0 323.099 10 1.1 16.1
0 323.192 11 1.1 16.1
0 323.299 9 1.1 16.1
0 323.395 10 1.1 16.1
0 323.499 10 1.1 16.1
0 323.599 10 1.1 16.1
0 323.692 11 1.1 16.1
0 323.8 9 1.1 16.1
0 323.899 10 1.1 16.1
0 324.0 10 1.1 16.1
0 324.096 10 1.1 16.1
0 324.192 10 1.1 16.1
0 324.3 9 1.1 16.1
0 324.4 10 1.1 16.1
0 324.5 10 1.1 16.1
0 324.601 10 1.1 16.1
0 324.693 11 1.1 16.1
0 324.797 10 1.1 16.1
0 324.901 10 1.1 16.1
0 325.002 10 1.1 16.1
0 325.101 10 1.1 16.1
0 325.193 11 1.1 16.1
0 325.301 9 1.1 16.1
0 325.398 10 1.1 16.1
0 325.502 10 1.1 16.1
0 325.602 10 1.1 16.1
0 325.697 10 1.1 16.1
0 325.803 9 1.1 16.1
0 325.903 10 1.1 16.1
0 326.003 10 1.1 16.1
0 326.103 10 1.1 16.1
0 326.198 11 1.1 16.1
0 326.303 10 1.1 16.1
0 326.403 10 1.1 16.1
0 326.504 10 1.1 16.1
0 326.604 10 1.1 16.1
0 326.701 10 1.1 16.1
0 326.805 10 1.1 16.1
0 326.905 10 1.1 16.1
0 327.004 10 1.1 16.1
0 327.106 10 1.1 16.1
0 327.203 10 1.1 16.1
0 327.301 10 1.1 16.1
0 327.405 10 1.1 16.1
0 327.506 10 1.1 16.1
0 327.606 10 1.1 16.1
0 327.705 10 1.1 16.1
0 327.806 10 1.1 16.1
0 327.907 10 1.1 16.1
0 328.006 10 1.1 16.1
0 328.107 10 1.1 16.1
0 328.205 10 1.1 16.1
0 328.302 10 1.1 16.1
0 328.406 10 1.1 16.1
0 328.507 10 1.1 16.1
0 328.606 10 1.1 16.1
0 328.707 10 1.1 16.1
0 328.807 10 1.1 16.1
0 328.907 10 1.1 16.1
0 329.007 10 1.1 16.1
0 329.108 10 1.1 16.1
0 329.207 10 1.1 16.1
0 329.304 10 1.1 16.1
0 329.407 10 1.1 16.1
0 329.509 10 1.1 16.1
0 329.608 10 1.1 16.1
0 329.709 10 1.1 16.1
0 329.809 10 1.1 16.1
0 329.909 10 1.1 16.1
0 330.009 10 1.1 16.1
0 330.109 10 1.1 16.1
0 330.205 10 1.1 16.1
0 330.31 10 1.1 16.1
0 330.409 10 1.1 16.1
0 330.51 10 1.0 16.1
0 330.61 10 1.0 16.1
0 330.71 10 1.0 16.1
0 330.811 10 1.0 16.1
0 330.911 10 1.0 16.1
0 331.011 10 1.0 16.1
0 331.111 10 1.0 16.1
0 331.21 10 1.0 16.1
0 331.307 10 1.0 16.1
0 331.411 10 1.0 16.1
0 331.512 10 1.0 16.1
0 331.611 10 1.0 16.1
0 331.712 10 1.0 16.1
0 331.813 10 1.0 16.1
0 331.912 10 1.0 16.1
0 332.012 10 1.0 16.1
0 332.113 10 1.0 16.1
0 332.211 10 1.0 16.1
0 332.312 10 1.0 16.1
0 332.409 10 1.0 16.1
0 332.512 10 1.0 16.1
0 332.612 10 1.0 16.1
0 332.713 10 1.0 16.1
0 332.813 10 1.0 16.1
0 332.913 10 1.0 16.1
0 333.014 10 1.0 16.1
0 333.115 10 1.0 16.1
0 333.213 10 1.0 16.1
0 333.31 10 1.0 16.1
0 333.414 10 1.0 16.1
0 333.515 10 1.0 16.1
0 333.614 10 1.0 16.1
0 333.714 10 1.0 16.1
0 333.815 10 1.0 16.1
0 333.915 10 1.0 16.1
0 334.015 10 1.0 16.1
0 334.111 10 1.0 16.1
0 334.214 10 1.0 16.1
0 334.315 10 1.0 16.1
0 334.416 10 1.0 16.1
0 334.516 10 1.0 16.1
0 334.616 10 1.0 16.1
0 334.716 10 1.0 16.1
0 334.816 10 1.0 16.1
0 334.916 10 1.0 16.1
0 335.016 10 1.0 16.1
0 335.113 10 1.0 16.1
0 335.216 10 1.0 16.1
0 335.316 10 1.0 16.1
0 335.416 10 1.0 16.1
0 335.517 10 1.0 16.1
0 335.617 10 1.0 16.1
0 335.717 10 1.0 16.1
0 335.818 10 1.0 16.1
0 335.918 10 1.0 16.1
0 336.017 10 1.0 16.1
0 336.114 10 1.0 16.1
0 336.217 10 1.0 16.1
0 336.318 10 1.0 16.1
0 336.418 10 1.0 16.1
0 336.519 10 1.0 16.1
0 336.619 10 1.0 16.1
0 336.719 10 1.0 16.1
0 336.82 10 1.0 16.1
0 336.92 10 1.0 16.1
0 337.019 10 1.0 16.1
0 337.12 10 1.0 16.1
0 337.216 10 1.0 16.1
0 337.32 10 1.0 16.1
0 337.419 10 1.0 16.1
0 337.52 10 1.0 16.1
0 337.62 10 1.0 16.1
0 337.72 10 1.0 16.1
0 337.821 10 1.0 16.1
0 337.921 10 1.0 16.1
0 338.02 10 1.0 16.1
0 338.117 10 1.0 16.1
0 338.221 10 1.0 16.1
0 338.321 10 1.0 16.1
0 338.422 10 1.0 16.1
0 338.522 10 1.0 16.1
0 338.622 10 1.0 16.1
0 338.722 10 1.0 16.1
0 338.822 10 1.0 16.1
0 338.923 10 1.0 16.1
0 339.023 10 1.0 16.1
0 339.122 10 1.0 16.1
0 339.218 10 1.0 16.1
0 339.323 10 1.0 16.1
0 339.422 10 1.0 16.1
0 339.524 10 1.0 16.1
0 339.623 10 1.0 16.1
0 339.723 10 1.0 16.1
0 339.824 10 1.0 16.1
0 339.924 10 1.0 16.1
0 340.023 10 1.0 16.1
0 340.12 10 1.0 16.1
0 340.223 10 1.0 16.1
0 340.324 10 1.0 16.1
0 340.424 10 1.0 16.1
0 340.525 10 1.2 16.1
0 340.624 10 1.2 16.1
0 340.724 10 1.2 16.1
0 340.825 10 1.2 16.1
0 340.921 10 1.2 16.1
0 341.024 10 1.2 16.1
0 341.125 10 1.2 16.1
0 341.224 10 1.2 16.1
0 341.326 10 1.2 16.1
0 341.426 10 1.2 16.1
0 341.527 10 1.2 16.1
0 341.627 10 1.2 16.1
0 341.726 10 1.2 16.1
0 341.827 10 1.2 16.1
0 341.927 10 1.2 16.1
0 342.027 10 1.2 16.1
0 342.128 10 1.2 16.1
0 342.226 10 1.2 16.1
0 342.323 10 1.2 16.1
0 342.426 10 1.2 16.1
0 342.527 10 1.2 16.1
0 342.626 10 1.2 16.1
0 342.727 10 1.2 16.1
0 342.828 10 1.2 16.1
0 342.927 10 1.2 16.1
0 343.027 10 1.2 16.1
0 343.124 10 1.2 16.1
0 343.227 10 1.2 16.1
0 343.327 10 1.2 16.1
0 343.428 10 1.2 16.1
0 343.529 10 1.2 16.1
0 343.629 10 1.2 16.1
0 343.728 10 1.2 16.1
0 343.829 10 1.2 16.1
0 343.929 10 1.2 16.1
0 344.029 10 1.2 16.1
0 344.125 10 1.2 16.1
0 344.229 10 1.2 16.1
0 344.329 10 1.2 16.1
0 344.43 10 1.2 16.1
0 344.53 10 1.2 16.1
0 344.629 10 1.2 16.1
0 344.73 10 1.2 16.1
0 344.831 10 1.2 16.1
0 344.931 10 1.2 16.1
0 345.031 10 1.2 16.1
0 345.131 10 1.2 16.1
0 345.23 10 1.2 16.1
0 345.327 10 1.2 16.1
0 345.431 10 1.2 16.1
0 345.532 10 1.2 16.1
0 345.631 10 1.2 16.1
0 345.731 10 1.2 16.1
0 345.832 10 1.2 16.1
0 345.932 10 1.2 16.1
0 346.032 10 1.2 16.1
0 346.132 10 1.2 16.1
0 346.228 10 1.2 16.1
0 346.332 10 1.2 16.1
0 346.432 10 1.2 16.1
0 346.532 10 1.2 16.1
0 346.632 10 1.2 16.1
0 346.732 10 1.2 16.1
0 346.834 10 1.2 16.1
0 346.934 10 1.2 16.1
0 347.033 10 1.2 16.1
0 347.134 10 1.2 16.1
0 347.233 10 1.2 16.1
0 347.33 10 1.2 16.1
0 347.43 10 1.2 16.1
0 347.534 10 1.2 16.1
0 347.633 10 1.2 16.1
0 347.734 10 1.2 16.1
0 347.835 10 1.2 16.1
0 347.934 10 1.2 16.1
0 348.034 10 1.2 16.1
0 348.135 10 1.2 16.1
0 348.234 10 1.2 16.1
0 348.334 10 1.2 16.1
0 348.435 10 1.2 16.1
0 348.532 10 1.2 16.1
0 348.636 10 1.2 16.1
0 348.735 10 1.2 16.1
0 348.836 10 1.2 16.1
0 348.936 10 1.2 16.1
0 349.035 10 1.2 16.1
0 349.136 10 1.2 16.1
0 349.235 10 1.2 16.1
0 349.336 10 1.2 16.1
0 349.433 10 1.2 16.1
0 349.537 10 1.2 16.1
0 349.637 10 1.2 16.1
0 349.736 10 1.2 16.1
0 349.837 10 1.2 16.1
0 349.938 10 1.2 16.1
0 350.038 10 1.2 16.1
0 350.138 10 1.2 16.1
0 350.237 10 1.2 16.1
0 350.335 10 1.2 16.1
0 350.439 10 1.2 16.1
0 350.539 10 1.1 16.1
0 350.639 10 1.1 16.1
0 350.739 10 1.1 16.1
0 350.839 10 1.1 16.1
0 350.94 10 1.1 16.1
0 351.039 10 1.1 16.1
0 351.139 10 1.1 16.1
0 351.238 10 1.1 16.1
0 351.336 10 1.1 16.1
0 351.439 10 1.1 16.1
0 351.54 10 1.1 16.1
0 351.639 10 1.1 16.1
0 351.739 10 1.1 16.1
0 351.841 10 1.1 16.1
0 351.941 10 1.1 16.1
0 352.041 10 1.1 16.1
0 352.141 10 1.1 16.1
0 352.24 10 1.1 16.1
0 352.337 10 1.1 16.1
0 352.441 10 1.1 16.1
0 352.541 10 1.1 16.1
0 352.641 10 1.1 16.1
0 352.741 10 1.1 16.1
0 352.842 10 1.1 16.1
0 352.942 10 1.1 16.1
0 353.041 10 1.1 16.1
0 353.138 10 1.1 16.1
0 353.241 10 1.1 16.1
0 353.343 10 1.1 16.1
0 353.442 10 1.1 16.1
0 353.543 10 1.1 16.1
0 353.642 10 1.1 16.1
0 353.742 10 1.1 16.1
0 353.843 10 1.1 16.1
0 353.944 10 1.1 16.1
0 354.044 10 1.1 16.1
0 354.144 10 1.1 16.1
0 354.242 10 1.1 16.1
0 354.34 10 1.1 16.1
0 354.443 10 1.1 16.1
0 354.544 10 1.1 16.1
0 354.644 10 1.1 16.1
0 354.743 10 1.1 16.1
0 354.844 10 1.1 16.1
0 354.945 10 1.1 16.1
0 355.044 10 1.1 16.1
0 355.144 10 1.1 16.1
0 355.244 10 1.1 16.1
0 355.341 10 1.1 16.1
0 355.445 10 1.1 16.1
0 355.546 10 1.1 16.1
0 355.645 10 1.1 16.1
0 355.744 10 1.1 16.1
0 355.846 10 1.1 16.1
0 355.946 10 1.1 16.1
0 356.045 10 1.1 16.1
0 356.142 10 1.1 16.1
0 356.245 10 1.1 16.1
0 356.346 10 1.1 16.1
0 356.446 10 1.1 16.1
0 356.547 10 1.1 16.1
0 356.646 10 1.1 16.1
0 356.746 10 1.1 16.1
0 356.848 10 1.1 16.1
0 356.948 10 1.1 16.1
0 357.047 10 1.1 16.1
0 357.147 10 1.1 16.1
0 357.246 10 1.1 16.1
0 357.344 10 1.1 16.1
0 357.448 10 1.1 16.1
0 357.548 10 1.1 16.1
0 357.648 10 1.1 16.1
0 357.747 10 1.1 16.1
0 357.849 10 1.1 16.1
0 357.949 10 1.1 16.1
0 358.049 10 1.1 16.1
0 358.145 10 1.1 16.1
0 358.248 10 1.1 16.1
0 358.349 10 1.1 16.1
0 358.449 10 1.1 16.1
0 358.55 10 1.1 16.1
0 358.649 10 1.1 16.1
0 358.749 10 1.1 16.1
0 358.85 10 1.1 16.1
0 358.951 10 1.1 16.1
0 359.05 10 1.1 16.1
0 359.147 10 1.1 16.1
0 359.249 10 1.1 16.1
0 359.351 10 1.1 16.1
0 359.451 10 1.1 16.1
0 359.551 10 1.1 16.1
0 359.652 10 1.1 16.1
0 359.751 10 1.1 16.1
0 359.852 10 1.1 16.1
0 359.952 10 1.1 16.1
0 360.052 10 1.1 16.1
0 360.148 10 1.1 16.1
0 360.251 10 1.1 16.1
0 360.353 10 1.1 16.1
0 360.452 10 1.1 16.1
0 360.553 10 1.1 16.1
0 360.654 10 1.1 16.1
0 360.752 10 1.1 16.1
0 360.853 10 1.1 16.1
0 360.954 10 1.1 16.1
0 361.054 10 1.1 16.1
0 361.154 10 1.1 16.1
0 361.252 10 1.1 16.1
0 361.35 10 1.1 16.1
0 361.454 10 1.1 16.1
0 361.554 10 1.1 16.1
0 361.655 10 1.1 16.1
0 361.754 10 1.1 16.1
0 361.856 10 1.1 16.1
0 361.956 10 1.1 16.1
0 362.055 10 1.1 16.1
0 362.156 10 1.1 16.1
0 362.254 10 1.1 16.1
0 362.355 10 1.1 16.1
0 362.452 10 1.1 16.1
0 362.557 10 1.1 16.1
0 362.656 10 1.1 16.1
0 362.756 10 1.1 16.1
0 362.857 10 1.1 16.1
0 362.957 10 1.1 16.1
0 363.057 10 1.1 16.1
0 363.157 10 1.1 16.1
0 363.255 10 1.1 16.1
0 363.357 10 1.1 16.1
0 363.457 10 1.1 16.1
0 363.559 10 1.1 16.1
0 363.658 10 1.1 16.1
0 363.756 10 1.1 16.1
0 363.859 10 1.1 16.1
0 363.958 10 1.1 16.1
0 364.058 10 1.1 16.1
0 364.158 10 1.1 16.1
0 364.257 10 1.1 16.1
0 364.359 10 1.1 16.1
0 364.458 10 1.1 16.1
0 364.56 10 1.1 16.1
0 364.659 10 1.1 16.1
0 364.759 10 1.1 16.1
0 364.86 10 1.1 16.1
0 364.96 10 1.1 16.1
0 365.059 10 1.1 16.1
0 365.16 10 1.1 16.1
0 365.259 10 1.1 16.1
0 365.359 10 1.1 16.1
0 365.459 10 1.1 16.1
0 365.559 10 1.1 16.1
0 365.66 10 1.1 16.1
0 365.76 10 1.1 16.1
0 365.86 10 1.1 16.1
0 365.961 10 1.1 16.1
0 366.061 10 1.1 16.1
0 366.161 10 1.1 16.1
0 366.259 10 1.1 16.1
0 366.36 10 1.1 16.1
0 366.461 10 1.1 16.1
0 366.562 10 1.1 16.1
0 366.662 10 1.1 16.1
0 366.761 10 1.1 16.1
0 366.863 10 1.1 16.1
0 366.963 10 1.1 16.1
0 367.061 10 1.1 16.1
0 367.162 10 1.1 16.1
0 367.261 10 1.1 16.1
0 367.361 10 1.1 16.1
0 367.462 10 1.1 16.1
0 367.563 10 1.1 16.1
0 367.662 10 1.1 16.1
0 367.761 10 1.1 16.1
0 367.863 10 1.1 16.1
0 367.964 10 1.1 16.1
0 368.063 10 1.1 16.1
0 368.164 10 1.1 16.1
0 368.262 10 1.1 16.1
0 368.363 10 1.1 16.1
0 368.464 10 1.1 16.1
0 368.564 10 1.1 16.1
0 368.664 10 1.1 16.1
0 368.763 10 1.1 16.1
0 368.864 10 1.1 16.1
0 368.965 10 1.1 16.1
0 369.065 10 1.1 16.1
0 369.165 10 1.1 16.1
0 369.265 10 1.1 16.1
0 369.365 10 1.1 16.1
0 369.465 10 1.1 16.1
0 369.565 10 1.1 16.1
0 369.666 10 1.1 16.1
0 369.765 10 1.1 16.1
0 369.867 10 1.1 16.1
0 369.967 10 1.1 16.1
0 370.066 10 1.1 16.1
0 370.166 10 1.1 16.1
0 370.266 10 1.1 16.1
0 370.366 10 1.1 16.1
0 370.467 10 1.1 16.1
0 370.567 10 1.2 16.1
0 370.668 10 1.2 16.1
0 370.767 10 1.2 16.1
0 370.867 10 1.2 16.1
0 370.968 10 1.2 16.1
0 371.067 10 1.2 16.1
0 371.168 10 1.2 16.1
0 371.268 10 1.2 16.1
0 371.368 10 1.2 16.1
0 371.464 10 1.2 16.1
0 371.569 10 1.2 16.1
0 371.669 10 1.2 16.1
0 371.769 10 1.2 16.1
0 371.87 10 1.2 16.1
0 371.97 10 1.2 16.1
0 372.069 10 1.2 16.1
0 372.17 10 1.2 16.1
0 372.268 10 1.2 16.1
0 372.369 10 1.2 16.1
0 372.469 10 1.2 16.1
0 372.566 10 1.2 16.1
0 372.671 10 1.2 16.1
0 372.769 10 1.2 16.1
0 372.871 10 1.2 16.1
0 372.971 10 1.2 16.1
0 373.07 10 1.2 16.1
0 373.171 10 1.2 16.1
0 373.271 10 1.2 16.1
0 373.371 10 1.2 16.1
0 373.471 10 1.2 16.1
0 373.564 11 1.2 16.1
0 373.668 10 1.2 16.1
0 373.771 10 1.2 16.1
0 373.872 10 1.2 16.1
0 373.972 10 1.2 16.1
0 374.072 10 1.2 16.1
0 374.172 10 1.2 16.1
0 374.271 10 1.2 16.1
0 374.372 10 1.2 16.1
0 374.472 10 1.2 16.1
0 374.572 10 1.2 16.1
0 374.673 10 1.2 16.1
0 374.772 10 1.2 16.1
0 374.873 10 1.2 16.1
0 374.974 10 1.2 16.1
0 375.073 10 1.2 16.1
0 375.174 10 1.2 16.1
0 375.273 10 1.2 16.1
0 375.374 10 1.2 16.1
0 375.473 10 1.2 16.1
0 375.574 10 1.2 16.1
0 375.674 10 1.2 16.1
0 375.774 10 1.2 16.1
0 375.874 10 1.2 16.1
0 375.975 10 1.2 16.1
0 376.074 10 1.2 16.1
0 376.175 10 1.2 16.1
0 376.275 10 1.2 16.1
0 376.375 10 1.2 16.1
0 376.475 10 1.2 16.1
0 376.575 10 1.2 16.1
0 376.676 10 1.2 16.1
0 376.776 10 1.2 16.1
0 376.877 10 1.2 16.1
0 376.977 10 1.2 16.1
0 377.076 10 1.2 16.1
0 377.177 10 1.2 16.1
0 377.276 10 1.2 16.1
0 377.376 10 1.2 16.1
0 377.477 10 1.2 16.1
0 377.576 10 1.2 16.1
0 377.678 10 1.2 16.1
0 377.776 10 1.2 16.1
0 377.878 10 1.2 16.1
0 377.978 10 1.2 16.1
0 378.077 10 1.2 16.1
0 378.177 10 1.2 16.1
0 378.277 10 1.2 16.1
0 378.377 10 1.2 16.1
0 378.477 10 1.2 16.1
0 378.579 10 1.2 16.1
0 378.678 10 1.2 16.1
0 378.778 10 1.2 16.1
0 378.879 10 1.2 16.1
0 378.98 10 1.2 16.1
0 379.076 10 1.2 16.1
0 379.179 10 1.2 16.1
0 379.279 10 1.2 16.1
0 379.379 10 1.2 16.1
0 379.479 10 1.2 16.1
0 379.579 10 1.2 16.1
0 379.68 10 1.2 16.1
0 379.778 10 1.2 16.1
0 379.88 10 1.2 16.1
0 379.98 10 1.2 16.1
0 380.08 10 1.2 16.1
0 380.18 10 1.2 16.1
0 380.279 10 1.2 16.1
0 380.38 10 1.2 16.1
0 380.48 10 1.2 16.1
0 380.581 10 1.2 16.1
0 380.681 10 1.2 16.1
0 380.781 10 1.2 16.1
0 380.881 10 1.2 16.1
0 380.982 10 1.2 16.1
0 381.082 10 1.2 16.1
0 381.182 10 1.2 16.1
0 381.281 10 1.2 16.1
0 381.382 10 1.2 16.1
0 381.482 10 1.2 16.1
0 381.582 10 1.2 16.1
0 381.683 10 1.2 16.1
0 381.782 10 1.2 16.1
0 381.884 10 1.2 16.1
0 381.984 10 1.2 16.1
0 382.083 10 1.2 16.1
0 382.184 10 1.2 16.1
0 382.283 10 1.2 16.1
0 382.383 10 1.2 16.1
0 382.484 10 1.2 16.1
0 382.584 10 1.2 16.1
0 382.685 10 1.2 16.1
0 382.784 10 1.2 16.1
0 382.885 10 1.2 16.1
0 382.985 10 1.2 16.1
0 383.084 10 1.2 16.1
0 383.185 10 1.2 16.1
0 383.285 10 1.2 16.1
0 383.384 10 1.2 16.1
0 383.486 10 1.2 16.1
0 383.585 10 1.2 16.1
0 383.686 10 1.2 16.1
0 383.785 10 1.2 16.1
0 383.886 10 1.2 16.1
0 383.987 10 1.2 16.1
0 384.087 10 1.2 16.1
0 384.187 10 1.2 16.1
0 384.287 10 1.2 16.1
0 384.387 10 1.2 16.1
0 384.487 10 1.2 16.1
0 384.587 10 1.2 16.1
0 384.688 10 1.2 16.1
0 384.787 10 1.2 16.1
0 384.888 10 1.2 16.1
0 384.988 10 1.2 16.1
0 385.087 10 1.2 16.1
0 385.188 10 1.2 16.1
0 385.288 10 1.2 16.1
0 385.384 10 1.2 16.1
0 385.489 10 1.2 16.1
0 385.589 10 1.2 16.1
0 385.689 10 1.2 16.1
0 385.789 10 1.2 16.1
0 385.89 10 1.2 16.1
0 385.99 10 1.2 16.1
0 386.089 10 1.2 16.1
0 386.19 10 1.2 16.1
0 386.29 10 1.2 16.1
0 386.39 10 1.2 16.1
0 386.491 10 1.2 16.1
0 386.59 10 1.2 16.1
0 386.691 10 1.2 16.1
0 386.791 10 1.2 16.1
0 386.892 10 1.2 16.1
0 386.991 10 1.2 16.1
0 387.091 10 1.2 16.1
0 387.192 10 1.2 16.1
0 387.291 10 1.2 16.1
0 387.392 10 1.2 16.1
0 387.491 10 1.2 16.1
0 387.592 10 1.2 16.1
0 387.693 10 1.2 16.1
0 387.793 10 1.2 16.1
0 387.893 10 1.2 16.1
0 387.993 10 1.2 16.1
0 388.092 10 1.2 16.1
0 388.189 10 1.2 16.1
0 388.293 10 1.2 16.1
0 388.393 10 1.2 16.1
0 388.493 10 1.2 16.1
0 388.593 10 1.2 16.1
0 388.695 10 1.2 16.1
0 388.793 10 1.2 16.1
0 388.895 10 1.2 16.1
0 388.995 10 1.2 16.1
0 389.094 10 1.2 16.1
0 389.194 10 1.2 16.1
0 389.294 10 1.2 16.1
0 389.394 10 1.2 16.1
0 389.495 10 1.2 16.1
0 389.591 10 1.2 16.1
0 389.696 10 1.2 16.1
0 389.795 10 1.2 16.1
0 389.896 10 1.2 16.1
0 389.996 10 1.2 16.1
0 390.096 10 1.2 16.1
0 390.196 10 1.2 16.1
0 390.296 10 1.2 16.1
0 390.396 10 1.2 16.1
0 390.496 10 1.2 16.1
0 390.593 10 1.2 16.1
0 390.697 10 1.2 16.1
0 390.796 10 1.2 16.1
0 390.897 10 1.2 16.1
0 390.998 10 1.2 16.1
0 391.098 10 1.2 16.1
0 391.198 10 1.2 16.1
0 391.297 10 1.2 16.1
0 391.397 10 1.2 16.1
0 391.498 10 1.2 16.1
0 391.597 10 1.2 16.1
0 391.694 10 1.2 16.1
0 391.799 10 1.2 16.1
0 391.899 10 1.2 16.1
0 392.0 10 1.2 16.1
0 392.095 10 1.2 16.1
0 392.199 10 1.2 16.1
0 392.299 10 1.2 16.1
0 392.399 10 1.2 16.1
0 392.5 10 1.2 16.1
0 392.6 10 1.2 16.1
0 392.7 10 1.2 16.1
0 392.801 10 1.2 16.1
0 392.9 10 1.2 16.1
0 393.001 10 1.2 16.1
0 393.101 10 1.2 16.1
0 393.201 10 1.2 16.1
0 393.3 10 1.2 16.1
0 393.4 10 1.2 16.1
0 393.501 10 1.2 16.1
0 393.601 10 1.2 16.1
0 393.701 10 1.2 16.1
0 393.802 10 1.2 16.1
0 393.903 10 1.2 16.1
0 394.003 10 1.2 16.1
0 394.102 10 1.2 16.1
0 394.203 10 1.2 16.1
0 394.302 10 1.2 16.1
0 394.403 10 1.2 16.1
0 394.503 10 1.2 16.1
0 394.602 10 1.2 16.1
0 394.703 10 1.2 16.1
0 394.803 10 1.2 16.1
0 394.903 10 1.2 16.1
0 395.004 10 1.2 16.1
0 395.103 10 1.2 16.1
0 395.203 10 1.2 16.1
0 395.304 10 1.2 16.1
0 395.403 10 1.2 16.1
0 395.504 10 1.2 16.1
0 395.603 10 1.2 16.1
0 395.704 10 1.2 16.1
0 395.805 10 1.2 16.1
0 395.905 10 1.2 16.1
0 396.006 10 1.2 16.1
0 396.104 10 1.2 16.1
0 396.205 10 1.2 16.1
0 396.305 10 1.2 16.1
0 396.405 10 1.2 16.1
0 396.506 10 1.2 16.1
0 396.605 10 1.2 16.1
0 396.706 10 1.2 16.1
0 396.806 10 1.2 16.1
0 396.907 10 1.2 16.1
0 397.007 10 1.2 16.1
0 397.106 10 1.2 16.1
0 397.206 10 1.2 16.1
0 397.307 10 1.2 16.1
0 397.407 10 1.2 16.1
0 397.507 10 1.2 16.1
0 397.607 10 1.2 16.1
0 397.707 10 1.2 16.1
0 397.809 10 1.2 16.1
0 397.908 10 1.2 16.1
0 398.009 10 1.2 16.1
0 398.108 10 1.2 16.1
0 398.208 10 1.2 16.1
0 398.309 10 1.2 16.1
0 398.408 10 1.2 16.1
0 398.509 10 1.2 16.1
0 398.608 10 1.2 16.1
0 398.708 10 1.2 16.1
0 398.809 10 1.2 16.1
0 398.91 10 1.2 16.1
0 399.01 10 1.2 16.1
0 399.11 10 1.2 16.1
0 399.21 10 1.2 16.1
0 399.309 10 1.2 16.1
0 399.409 10 1.2 16.1
0 399.51 10 1.2 16.1
0 399.61 10 1.2 16.1
0 399.711 10 1.2 16.1
0 399.81 10 1.2 16.1
0 399.912 10 1.2 16.1
0 400.012 10 1.2 16.1
0 400.111 10 1.2 16.1
0 400.212 10 1.2 16.1
0 400.311 10 1.2 16.1
0 400.411 10 1.2 16.1
0 400.512 10 1.2 16.1
0 400.612 10 1.2 16.1
0 400.712 10 1.2 16.1
0 400.812 10 1.2 16.1
0 400.912 10 1.2 16.1
0 401.013 10 1.2 16.1
0 401.113 10 1.2 16.1
0 401.214 10 1.2 16.1
0 401.313 10 1.2 16.1
0 401.413 10 1.2 16.1
0 401.513 10 1.2 16.1
0 401.613 10 1.2 16.1
0 401.714 10 1.2 16.1
0 401.814 10 1.2 16.1
0 401.915 10 1.2 16.1
0 402.015 10 1.2 16.1
0 402.113 10 1.2 16.1
0 402.215 10 1.2 16.1
0 402.314 10 1.2 16.1
0 402.41 10 1.2 16.1
0 402.514 10 1.2 16.1
0 402.614 10 1.2 16.1
0 402.715 10 1.2 16.1
0 402.815 10 1.2 16.1
0 402.916 10 1.2 16.1
0 403.012 10 1.2 16.1
0 403.116 10 1.2 16.1
0 403.216 10 1.2 16.1
0 403.316 10 1.2 16.1
0 403.415 10 1.2 16.1
0 403.516 10 1.2 16.1
0 403.616 10 1.2 16.1
0 403.716 10 1.2 16.1
0 403.817 10 1.2 16.1
0 403.917 10 1.2 16.1
0 404.017 10 1.2 16.1
0 404.117 10 1.2 16.1
0 404.214 10 1.2 16.1
0 404.317 10 1.2 16.1
0 404.417 10 1.2 16.1
0 404.518 10 1.2 16.1
0 404.618 10 1.2 16.1
0 404.718 10 1.2 16.1
0 404.819 10 1.2 16.1
0 404.919 10 1.2 16.1
0 405.019 10 1.2 16.1
0 405.119 10 1.2 16.1
0 405.219 10 1.2 16.1
0 405.317 10 1.2 16.1
0 405.419 10 1.2 16.1
0 405.518 10 1.2 16.1
0 405.615 10 1.2 16.1
0 405.718 10 1.2 16.1
0 405.819 10 1.2 16.1
0 405.919 10 1.2 16.1
0 406.019 10 1.2 16.1
0 406.12 10 1.2 16.1
0 406.22 10 1.2 16.1
0 406.32 10 1.2 16.1
0 406.419 10 1.2 16.1
0 406.52 10 1.2 16.1
0 406.619 10 1.2 16.1
0 406.72 10 1.2 16.1
0 406.817 10 1.2 16.1
0 406.921 10 1.2 16.1
0 407.021 10 1.2 16.1
0 407.12 10 1.2 16.1
0 407.221 10 1.2 16.1
0 407.32 10 1.2 16.1
0 407.42 10 1.2 16.1
0 407.52 10 1.2 16.1
0 407.62 10 1.2 16.1
0 407.722 10 1.2 16.1
0 407.822 10 1.2 16.1
0 407.922 10 1.2 16.1
0 408.022 10 1.2 16.1
0 408.122 10 1.2 16.1
0 408.223 10 1.2 16.1
0 408.314 11 1.2 16.1
0 408.419 10 1.2 16.1
0 408.522 10 1.2 16.1
0 408.622 10 1.2 16.1
0 408.722 10 1.2 16.1
0 408.823 10 1.2 16.1
0 408.923 10 1.2 16.1
0 409.023 10 1.2 16.1
0 409.123 10 1.2 16.1
0 409.224 10 1.2 16.1
0 409.319 10 1.2 16.1
0 409.423 10 1.2 16.1
0 409.523 10 1.2 16.1
0 409.624 10 1.2 16.1
0 409.725 10 1.2 16.1
0 409.824 10 1.2 16.1
0 409.926 10 1.2 16.1
0 410.025 10 1.2 16.1
0 410.125 10 1.2 16.1
0 410.226 10 1.2 16.1
0 410.325 10 1.2 16.1
0 410.422 10 1.2 16.1
0 410.526 10 1.2 16.1
0 410.626 10 1.2 16.1
0 410.726 10 1.2 16.1
0 410.826 10 1.2 16.1
0 410.927 10 1.2 16.1
0 411.026 10 1.2 16.1
0 411.126 10 1.2 16.1
0 411.223 10 1.2 16.1
0 411.327 10 1.2 16.1
0 411.428 10 1.2 16.1
0 411.527 10 1.2 16.1
0 411.627 10 1.2 16.1
0 411.727 10 1.2 16.1
0 411.828 10 1.2 16.1
0 411.929 10 1.2 16.1
0 412.029 10 1.2 16.1
0 412.128 10 1.2 16.1
0 412.23 10 1.2 16.1
0 412.328 10 1.2 16.1
0 412.428 10 1.2 16.1
0 412.529 10 1.2 16.1
0 412.625 10 1.2 16.1
0 412.728 10 1.2 16.1
0 412.829 10 1.2 16.1
0 412.93 10 1.2 16.1
0 413.03 10 1.2 16.1
0 413.129 10 1.2 16.1
0 413.231 10 1.2 16.1
0 413.329 10 1.2 16.1
0 413.43 10 1.2 16.1
0 413.53 10 1.2 16.1
0 413.627 10 1.2 16.1
0 413.728 10 1.2 16.1
0 413.831 10 1.2 16.1
0 413.931 10 1.2 16.1
0 414.031 10 1.2 16.1
0 414.132 10 1.2 16.1
0 414.229 10 1.2 16.1
0 414.331 10 1.2 16.1
0 414.428 10 1.2 16.1
0 414.532 10 1.2 16.1
0 414.631 10 1.2 16.1
0 414.728 10 1.2 16.1
0 414.833 10 1.2 16.1
0 414.933 10 1.2 16.1
0 415.033 10 1.2 16.1
0 415.132 10 1.2 16.1
0 415.229 10 1.2 16.1
0 415.33 10 1.2 16.1
0 415.434 10 1.2 16.1
0 415.534 10 1.2 16.1
0 415.634 10 1.2 16.1
0 415.729 10 1.2 16.1
0 415.834 10 1.2 16.1
0 415.935 10 1.2 16.1
0 416.035 10 1.2 16.1
0 416.134 10 1.2 16.1
0 416.23 10 1.2 16.1
0 416.33 10 1.2 16.1
0 416.434 10 1.2 16.1
0 416.534 10 1.2 16.1
0 416.635 10 1.2 16.1
0 416.73 11 1.2 16.1
0 416.837 9 1.2 16.1
0 416.938 10 1.2 16.1
0 417.037 10 1.2 16.1
0 417.135 10 1.2 16.1
0 417.231 11 1.2 16.1
0 417.333 10 1.2 16.1
0 417.436 10 1.2 16.1
0 417.536 10 1.2 16.1
0 417.636 10 1.2 16.1
0 417.731 11 1.2 16.1
0 417.837 9 1.2 16.1
0 417.938 10 1.2 16.1
0 418.037 10 1.2 16.1
0 418.137 10 1.2 16.1
0 418.232 11 1.2 16.1
0 418.334 10 1.2 16.1
0 418.438 10 1.2 16.1
0 418.538 10 1.2 16.1
0 418.638 10 1.2 16.1
0 418.732 11 1.2 16.1
0 418.838 9 1.2 16.1
0 418.939 10 1.2 16.1
0 419.039 10 1.2 16.1
0 419.138 10 1.2 16.1
0 419.232 11 1.2 16.1
0 419.335 10 1.2 16.1
0 419.44 10 1.2 16.1
0 419.539 10 1.2 16.1
0 419.639 10 1.2 16.1
0 419.732 11 1.2 16.1
0 419.837 10 1.2 16.1
0 419.941 10 1.2 16.1
0 420.04 10 1.2 16.1
0 420.14 10 1.2 16.1
0 420.233 11 1.2 16.1
0 420.34 9 1.2 16.1
0 420.437 10 1.2 16.1
0 420.54 10 1.2 16.1
0 420.64 10 1.1 16.1
0 420.735 11 1.1 16.1
0 420.841 9 1.1 16.1
0 420.942 10 1.1 16.1
0 421.032 11 1.1 16.1
0 421.138 9 1.1 16.1
0 421.234 10 1.1 16.1
0 421.341 9 1.1 16.1
0 421.442 10 1.1 16.1
0 421.542 10 1.1 16.1
0 421.642 10 1.1 16.1
0 421.737 10 1.1 16.1
0 421.839 10 1.1 16.1
0 421.945 9 1.1 16.1
0 422.043 10 1.1 16.1
0 422.144 10 1.1 16.1
0 422.236 11 1.1 16.1
0 422.343 9 1.1 16.1
0 422.444 10 1.1 16.1
0 422.544 10 1.1 16.1
0 422.644 10 1.1 16.1
0 422.738 11 1.1 16.1
0 422.845 9 1.1 16.1
0 422.944 10 1.1 16.1
0 423.044 10 1.1 16.1
0 423.144 10 1.1 16.1
0 423.24 10 1.1 16.1
0 423.341 10 1.1 16.1
0 423.445 10 1.1 16.1
0 423.545 10 1.1 16.1
0 423.645 10 1.1 16.1
0 423.742 10 1.1 16.1
0 423.846 10 1.1 16.1
0 423.946 10 1.1 16.1
0 424.046 10 1.1 16.1
0 424.146 10 1.1 16.1
0 424.245 10 1.1 16.1
0 424.346 10 1.1 16.1
0 424.442 10 1.1 16.1
0 424.546 10 1.1 16.1
0 424.646 10 1.1 16.1
0 424.744 10 1.1 16.1
0 424.847 10 1.1 16.1
0 424.947 10 1.1 16.1
0 425.047 10 1.1 16.1
0 425.147 10 1.1 16.1
0 425.243 10 1.1 16.1
0 425.347 10 1.1 16.1
0 425.447 10 1.1 16.1
0 425.547 10 1.1 16.1
0 425.648 10 1.1 16.1
0 425.748 10 1.1 16.1
0 425.848 10 1.1 16.1
0 425.949 10 1.1 16.1
0 426.049 10 1.1 16.1
0 426.149 10 1.1 16.1
0 426.248 10 1.1 16.1
0 426.345 10 1.1 16.1
0 426.449 10 1.1 16.1
0 426.549 10 1.1 16.1
0 426.649 10 1.1 16.1
0 426.749 10 1.1 16.1
0 426.85 10 1.1 16.1
0 426.951 10 1.1 16.1
0 427.05 10 1.1 16.1
0 427.151 10 1.1 16.1
0 427.25 10 1.1 16.1
0 427.351 10 1.1 16.1
0 427.451 10 1.1 16.1
0 427.551 10 1.1 16.1
0 427.647 10 1.1 16.1
0 427.75 10 1.1 16.1
0 427.852 10 1.1 16.1
0 427.952 10 1.1 16.1
0 428.051 10 1.1 16.1
0 428.151 10 1.1 16.1
0 428.251 10 1.1 16.1
0 428.351 10 1.1 16.1
0 428.452 10 1.1 16.1
0 428.548 10 1.1 16.1
0 428.652 10 1.1 16.1
0 428.752 10 1.1 16.1
0 428.853 10 1.1 16.1
0 428.953 10 1.1 16.1
0 429.053 10 1.1 16.1
0 429.153 10 1.1 16.1
0 429.252 10 1.1 16.1
0 429.353 10 1.1 16.1
0 429.45 10 1.1 16.1
0 429.554 10 1.1 16.1
0 429.654 10 1.1 16.1
0 429.753 10 1.1 16.1
0 429.854 10 1.1 16.1
0 429.955 10 1.1 16.1
0 430.055 10 1.1 16.1
0 430.155 10 1.1 16.1
0 430.254 10 1.1 16.1
0 430.351 10 1.1 16.1
0 430.456 10 1.1 16.1
0 430.555 10 1.1 16.1
0 430.656 10 1.2 16.1
0 430.755 10 1.2 16.1
0 430.856 10 1.2 16.1
0 430.956 10 1.2 16.1
0 431.056 10 1.2 16.1
0 431.156 10 1.2 16.1
0 431.253 10 1.2 16.1
0 431.356 10 1.2 16.1
0 431.456 10 1.2 16.1
0 431.556 10 1.2 16.1
0 431.656 10 1.2 16.1
0 431.756 10 1.2 16.1
0 431.858 10 1.2 16.1
0 431.959 10 1.2 16.1
0 432.058 10 1.2 16.1
0 432.158 10 1.2 16.1
0 432.254 10 1.2 16.1
0 432.358 10 1.2 16.1
0 432.459 10 1.2 16.1
0 432.559 10 1.2 16.1
0 432.659 10 1.2 16.1
0 432.758 10 1.2 16.1
0 432.86 10 1.2 16.1
0 432.959 10 1.2 16.1
0 433.06 10 1.2 16.1
0 433.16 10 1.2 16.1
0 433.259 10 1.2 16.1
0 433.356 10 1.2 16.1
0 433.459 10 1.2 16.1
0 433.56 10 1.2 16.1
0 433.66 10 1.2 16.1
0 433.759 10 1.2 16.1
0 433.86 10 1.2 16.1
0 433.96 10 1.2 16.1
0 434.06 10 1.2 16.1
0 434.157 10 1.2 16.1
0 434.26 10 1.2 16.1
0 434.361 10 1.2 16.1
0 434.461 10 1.2 16.1
0 434.561 10 1.2 16.1
0 434.66 10 1.2 16.1
0 434.761 10 1.2 16.1
0 434.858 10 1.2 16.1
0 434.962 10 1.2 16.1
0 435.062 10 1.2 16.1
0 435.162 10 1.2 16.1
0 435.261 10 1.2 16.1
0 435.362 10 1.2 16.1
0 435.462 10 1.2 16.1
0 435.562 10 1.2 16.1
0 435.661 10 1.2 16.1
0 435.759 10 1.2 16.1
0 435.863 10 1.2 16.1
0 435.964 10 1.2 16.1
0 436.063 10 1.2 16.1
0 436.164 10 1.2 16.1
0 436.262 10 1.2 16.1
0 436.363 10 1.2 16.1
0 436.464 10 1.2 16.1
0 436.56 10 1.2 16.1
0 436.663 10 1.2 16.1
0 436.763 10 1.2 16.1
0 436.865 10 1.2 16.1
0 436.965 10 1.2 16.1
0 437.065 10 1.2 16.1
0 437.166 10 1.2 16.1
0 437.264 10 1.2 16.1
0 437.365 10 1.2 16.1
0 437.466 10 1.2 16.1
0 437.565 10 1.2 16.1
0 437.662 10 1.2 16.1
0 437.765 10 1.2 16.1
0 437.866 10 1.2 16.1
0 437.966 10 1.2 16.1
0 438.066 10 1.2 16.1
0 438.166 10 1.2 16.1
0 438.266 10 1.2 16.1
0 438.366 10 1.2 16.1
0 438.463 10 1.2 16.1
0 438.567 10 1.2 16.1
0 438.666 10 1.2 16.1
0 438.766 10 1.2 16.1
0 438.867 10 1.2 16.1
0 438.967 10 1.2 16.1
0 439.065 10 1.2 16.1
0 439.164 10 1.2 16.1
0 439.267 10 1.2 16.1
0 439.368 10 1.2 16.1
0 439.467 10 1.2 16.1
0 439.568 10 1.2 16.1
0 439.668 10 1.2 16.1
0 439.767 10 1.2 16.1
0 439.869 10 1.2 16.1
0 439.965 10 1.2 16.1
0 440.069 10 1.2 16.1
0 440.17 10 1.2 16.1
0 440.269 10 1.2 16.1
0 440.369 10 1.2 16.1
0 440.468 10 1.2 16.1
0 440.568 10 1.2 16.1
0 440.669 10 1.1 16.1
0 440.766 10 1.1 16.1
0 440.87 10 1.1 16.1
0 440.97 10 1.1 16.1
0 441.071 10 1.1 16.1
0 441.171 10 1.1 16.1
0 441.27 10 1.1 16.1
0 441.371 10 1.1 16.1
0 441.471 10 1.1 16.1
0 441.571 10 1.1 16.1
0 441.671 10 1.1 16.1
0 441.768 10 1.1 16.1
0 441.873 10 1.1 16.1
0 441.973 10 1.1 16.1
0 442.072 10 1.1 16.1
0 442.173 10 1.1 16.1
0 442.272 10 1.1 16.1
0 442.372 10 1.1 16.1
0 442.473 10 1.1 16.1
0 442.573 10 1.1 16.1
0 442.669 10 1.1 16.1
0 442.772 10 1.1 16.1
0 442.874 10 1.1 16.1
0 442.974 10 1.1 16.1
0 443.074 10 1.1 16.1
0 443.174 10 1.1 16.1
0 443.273 10 1.1 16.1
0 443.374 10 1.1 16.1
0 443.474 10 1.1 16.1
0 443.575 10 1.1 16.1
0 443.675 10 1.1 16.1
0 443.771 10 1.1 16.1
0 443.876 10 1.1 16.1
0 443.976 10 1.1 16.1
0 444.076 10 1.1 16.1
0 444.176 10 1.1 16.1
0 444.275 10 1.1 16.1
0 444.376 10 1.1 16.1
0 444.476 10 1.1 16.1
0 444.576 10 1.1 16.1
0 444.676 10 1.1 16.1
0 444.775 10 1.1 16.1
0 444.876 10 1.1 16.1
0 444.973 10 1.1 16.1
0 445.077 10 1.1 16.1
0 445.176 10 1.1 16.1
0 445.276 10 1.1 16.1
0 445.377 10 1.1 16.1
0 445.477 10 1.1 16.1
0 445.577 10 1.1 16.1
0 445.677 10 1.1 16.1
0 445.774 10 1.1 16.1
0 445.878 10 1.1 16.1
0 445.978 10 1.1 16.1
0 446.079 10 1.1 16.1
0 446.179 10 1.1 16.1
0 446.278 10 1.1 16.1
0 446.379 10 1.1 16.1
0 446.479 10 1.1 16.1
0 446.579 10 1.1 16.1
0 446.679 10 1.1 16.1
0 446.775 10 1.1 16.1
0 446.879 10 1.1 16.1
0 446.98 10 1.1 16.1
0 447.079 10 1.1 16.1
0 447.179 10 1.1 16.1
0 447.279 10 1.1 16.1
0 447.38 10 1.1 16.1
0 447.48 10 1.1 16.1
0 447.58 10 1.1 16.1
0 447.68 10 1.1 16.1
0 447.776 10 1.1 16.1
0 447.881 9 1.1 16.1
0 447.981 10 1.1 16.1
0 448.081 10 1.1 16.1
0 448.182 10 1.1 16.1
0 448.28 10 1.1 16.1
0 448.38 10 1.1 16.1
0 448.481 10 1.1 16.1
0 448.582 10 1.1 16.1
0 448.682 10 1.1 16.1
0 448.778 10 1.1 16.1
0 448.882 10 1.1 16.1
0 448.983 10 1.1 16.1
0 449.083 10 1.1 16.1
0 449.183 10 1.1 16.1
0 449.282 10 1.1 16.1
0 449.383 10 1.1 16.1
0 449.483 10 1.1 16.1
0 449.583 10 1.1 16.1
0 449.683 10 1.1 16.1
0 449.78 10 1.1 16.1
0 449.884 10 1.1 16.1
0 449.985 10 1.1 16.1
0 450.084 10 1.1 16.1
0 450.184 10 1.1 16.1
0 450.283 10 1.1 16.1
0 450.384 10 1.1 16.1
0 450.485 10 1.1 16.1
0 450.585 10 1.1 16.1
0 450.681 10 1.2 16.1
0 450.783 10 1.2 16.1
0 450.885 10 1.2 16.1
0 450.986 10 1.2 16.1
0 451.085 10 1.2 16.1
0 451.185 10 1.2 16.1
0 451.284 10 1.2 16.1
0 451.385 10 1.2 16.1
0 451.483 10 1.2 16.1
0 451.586 10 1.2 16.1
0 451.686 10 1.2 16.1
0 451.786 10 1.2 16.1
0 451.887 10 1.2 16.1
0 451.987 10 1.2 16.1
0 452.087 10 1.2 16.1
0 452.188 10 1.2 16.1
0 452.286 10 1.2 16.1
0 452.384 10 1.2 16.1
0 452.488 10 1.2 16.1
0 452.588 10 1.2 16.1
0 452.688 10 1.2 16.1
0 452.786 10 1.2 16.1
0 452.889 10 1.2 16.1
0 452.989 10 1.2 16.1
0 453.088 10 1.2 16.1
0 453.189 10 1.2 16.1
0 453.285 10 1.2 16.1
0 453.389 10 1.2 16.1
0 453.489 10 1.2 16.1
0 453.59 10 1.2 16.1
0 453.689 10 1.2 16.1
0 453.788 10 1.2 16.1
0 453.89 10 1.2 16.1
0 453.986 10 1.2 16.1
0 454.091 10 1.2 16.1
0 454.191 10 1.2 16.1
0 454.289 10 1.2 16.1
0 454.39 10 1.2 16.1
0 454.491 10 1.2 16.1
0 454.591 10 1.2 16.1
0 454.691 10 1.2 16.1
0 454.79 10 1.2 16.1
0 454.888 10 1.2 16.1
0 454.992 10 1.2 16.1
0 455.092 10 1.2 16.1
0 455.192 10 1.2 16.1
0 455.291 10 1.2 16.1
0 455.392 10 1.2 16.1
0 455.492 10 1.2 16.1
0 455.592 10 1.2 16.1
0 455.689 10 1.2 16.1
0 455.791 10 1.2 16.1
0 455.893 10 1.2 16.1
0 455.993 10 1.2 16.1
0 456.094 10 1.2 16.1
0 456.194 10 1.2 16.1
0 456.292 10 1.2 16.1
0 456.394 10 1.2 16.1
0 456.49 10 1.2 16.1
0 456.594 10 1.2 16.1
0 456.694 10 1.2 16.1
0 456.793 10 1.2 16.1
0 456.895 10 1.2 16.1
0 456.996 10 1.2 16.1
0 457.095 10 1.2 16.1
0 457.196 10 1.2 16.1
0 457.295 10 1.2 16.1
0 457.394 10 1.2 16.1
0 457.492 10 1.2 16.1
0 457.595 10 1.2 16.1
0 457.695 10 1.2 16.1
0 457.794 10 1.2 16.1
0 457.896 10 1.2 16.1
0 457.997 10 1.2 16.1
0 458.097 10 1.2 16.1
0 458.197 10 1.2 16.1
0 458.295 10 1.2 16.1
0 458.393 10 1.2 16.1
0 458.496 10 1.2 16.1
0 458.597 10 1.2 16.1
0 458.697 10 1.2 16.1
0 458.796 10 1.2 16.1
0 458.899 10 1.2 16.1
0 458.998 10 1.2 16.1
0 459.099 10 1.2 16.1
0 459.198 10 1.2 16.1
0 459.294 10 1.2 16.1
0 459.399 10 1.2 16.1
0 459.498 10 1.2 16.1
0 459.599 10 1.2 16.1
0 459.698 10 1.2 16.1
0 459.798 10 1.2 16.1
0 459.899 10 1.2 16.1
0 460.0 10 1.2 16.1
0 460.1 10 1.2 16.1
0 460.2 10 1.2 16.1
0 460.299 10 1.2 16.1
0 460.396 10 1.2 16.1
0 460.5 10 1.2 16.1
0 460.6 10 1.2 16.1
0 460.701 10 1.1 16.1
0 460.799 10 1.1 16.1
0 460.901 10 1.1 16.1
0 461.001 10 1.1 16.1
0 461.101 10 1.1 16.1
0 461.202 10 1.1 16.1
0 461.301 10 1.1 16.1
0 461.398 10 1.1 16.1
0 461.502 10 1.1 16.1
0 461.601 10 1.1 16.1
0 461.703 10 1.1 16.1
0 461.801 10 1.1 16.1
0 461.903 10 1.1 16.1
0 462.004 10 1.1 16.1
0 462.103 10 1.1 16.1
0 462.203 10 1.1 16.1
0 462.303 10 1.1 16.1
0 462.399 10 1.1 16.1
0 462.503 10 1.1 16.1
0 462.603 10 1.1 16.1
0 462.703 10 1.1 16.1
0 462.802 10 1.1 16.1
0 462.905 10 1.1 16.1
0 463.005 10 1.1 16.1
0 463.105 10 1.1 16.1
0 463.205 10 1.1 16.1
0 463.304 10 1.1 16.1
0 463.401 10 1.1 16.1
0 463.505 10 1.1 16.1
0 463.605 10 1.1 16.1
0 463.705 10 1.1 16.1
0 463.804 10 1.1 16.1
0 463.906 10 1.1 16.1
0 464.006 10 1.1 16.1
0 464.107 10 1.1 16.1
0 464.206 10 1.1 16.1
0 464.306 10 1.1 16.1
0 464.406 10 1.1 16.1
0 464.503 10 1.1 16.1
0 464.606 10 1.1 16.1
0 464.706 10 1.1 16.1
0 464.806 10 1.1 16.1
0 464.908 10 1.1 16.1
0 465.008 10 1.1 16.1
0 465.108 10 1.1 16.1
0 465.208 10 1.1 16.1
0 465.307 10 1.1 16.1
0 465.404 10 1.1 16.1
0 465.508 10 1.1 16.1
0 465.609 10 1.1 16.1
0 465.708 10 1.1 16.1
0 465.808 10 1.1 16.1
0 465.909 10 1.1 16.1
0 466.01 10 1.1 16.1
0 466.109 10 1.1 16.1
0 466.209 10 1.1 16.1
0 466.306 10 1.1 16.1
0 466.409 10 1.1 16.1
0 466.509 10 1.1 16.1
0 466.61 10 1.1 16.1
0 466.71 10 1.1 16.1
0 466.809 10 1.1 16.1
0 466.912 10 1.1 16.1
0 467.012 10 1.1 16.1
0 467.111 10 1.1 16.1
0 467.212 10 1.1 16.1
0 467.311 10 1.1 16.1
0 467.411 10 1.1 16.1
0 467.508 10 1.1 16.1
0 467.612 10 1.1 16.1
0 467.712 10 1.1 16.1
0 467.811 10 1.1 16.1
0 467.913 10 1.1 16.1
0 468.012 10 1.1 16.1
0 468.112 10 1.1 16.1
0 468.212 10 1.1 16.1
0 468.31 10 1.1 16.1
0 468.409 10 1.1 16.1
0 468.512 10 1.1 16.1
0 468.613 10 1.1 16.1
0 468.713 10 1.1 16.1
0 468.813 10 1.1 16.1
0 468.913 10 1.1 16.1
0 469.014 10 1.1 16.1
0 469.114 10 1.1 16.1
0 469.214 10 1.1 16.1
0 469.31 10 1.1 16.1
0 469.413 10 1.1 16.1
0 469.514 10 1.1 16.1
0 469.615 10 1.1 16.1
0 469.715 10 1.1 16.1
0 469.812 10 1.1 16.1
0 469.915 10 1.1 16.1
0 470.011 10 1.1 16.1
0 470.115 10 1.1 16.1
0 470.216 10 1.1 16.1
0 470.315 10 1.1 16.1
0 470.415 10 1.1 16.1
0 470.516 10 1.1 16.1
0 470.616 10 1.1 16.1
0 470.716 10 1.1 16.1
0 470.812 10 1.1 16.1
0 470.916 10 1.1 16.1
0 471.017 10 1.1 16.1
0 471.116 10 1.1 16.1
0 471.217 10 1.1 16.1
0 471.316 10 1.1 16.1
0 471.417 10 1.1 16.1
0 471.517 10 1.1 16.1
0 471.614 10 1.1 16.1
0 471.717 10 1.1 16.1
0 471.816 10 1.1 16.1
0 471.918 10 1.1 16.1
0 472.019 10 1.1 16.1
0 472.119 10 1.1 16.1
0 472.219 10 1.1 16.1
0 472.318 10 1.1 16.1
0 472.419 10 1.1 16.1
0 472.515 10 1.1 16.1
0 472.619 10 1.1 16.1
0 472.719 10 1.1 16.1
0 472.818 10 1.1 16.1
0 472.92 10 1.1 16.1
0 473.02 10 1.1 16.1
0 473.12 10 1.1 16.1
0 473.22 10 1.1 16.1
0 473.316 10 1.1 16.1
0 473.42 10 1.1 16.1
0 473.52 10 1.1 16.1
0 473.621 10 1.1 16.1
0 473.721 10 1.1 16.1
0 473.82 10 1.1 16.1
0 473.922 10 1.1 16.1
0 474.022 10 1.1 16.1
0 474.122 10 1.1 16.1
0 474.222 10 1.1 16.1
0 474.318 10 1.1 16.1
0 474.421 10 1.1 16.1
0 474.522 10 1.1 16.1
0 474.622 10 1.1 16.1
0 474.722 10 1.1 16.1
0 474.821 10 1.1 16.1
0 474.923 10 1.1 16.1
0 475.023 10 1.1 16.1
0 475.123 10 1.1 16.1
0 475.219 10 1.1 16.1
0 475.323 10 1.1 16.1
0 475.423 10 1.1 16.1
0 475.524 10 1.1 16.1
0 475.623 10 1.1 16.1
0 475.724 10 1.1 16.1
0 475.824 10 1.1 16.1
0 475.925 10 1.1 16.1
0 476.025 10 1.1 16.1
0 476.124 10 1.1 16.1
0 476.221 10 1.1 16.1
0 476.325 10 1.1 16.1
0 476.424 10 1.1 16.1
0 476.525 10 1.1 16.1
0 476.625 10 1.1 16.1
0 476.725 10 1.1 16.1
0 476.824 10 1.1 16.1
0 476.922 10 1.1 16.1
0 477.027 10 1.1 16.1
0 477.126 10 1.1 16.1
0 477.227 10 1.1 16.1
0 477.326 10 1.1 16.1
0 477.426 10 1.1 16.1
0 477.527 10 1.1 16.1
0 477.627 10 1.1 16.1
0 477.727 10 1.1 16.1
0 477.823 10 1.1 16.1
0 477.927 10 1.1 16.1
0 478.028 10 1.1 16.1
0 478.127 10 1.1 16.1
0 478.227 10 1.1 16.1
0 478.327 10 1.1 16.1
0 478.427 10 1.1 16.1
0 478.528 10 1.1 16.1
0 478.624 10 1.1 16.1
0 478.728 10 1.1 16.1
0 478.827 10 1.1 16.1
0 478.928 10 1.1 16.1
0 479.029 10 1.1 16.1
0 479.129 10 1.1 16.1
0 479.23 10 1.1 16.1
0 479.329 10 1.1 16.1
0 479.429 10 1.1 16.1
0 479.526 10 1.1 16.1
0 479.63 10 1.1 16.1
0 479.73 10 1.1 16.1
0 479.829 10 1.1 16.1
0 479.93 10 1.1 16.1
0 480.031 10 1.1 16.1
0 480.13 10 1.1 16.1
0 480.23 10 1.1 16.1
0 480.327 10 1.1 16.1
0 480.43 10 1.1 16.1
0 480.531 10 1.1 16.1
0 480.631 10 1.1 16.1
0 480.731 10 1.1 16.1
0 480.831 10 1.1 16.1
0 480.933 10 1.1 16.1
0 481.033 10 1.1 16.1
0 481.132 10 1.1 16.1
0 481.233 10 1.1 16.1
0 481.332 10 1.1 16.1
0 481.429 10 1.1 16.1
0 481.533 10 1.1 16.1
0 481.632 10 1.1 16.1
0 481.733 10 1.1 16.1
0 481.832 10 1.1 16.1
0 481.934 10 1.1 16.1
0 482.035 10 1.1 16.1
0 482.134 10 1.1 16.1
0 482.235 10 1.1 16.1
0 482.334 10 1.1 16.1
0 482.43 10 1.1 16.1
0 482.535 10 1.1 16.1
0 482.634 10 1.1 16.1
0 482.735 10 1.1 16.1
0 482.834 10 1.1 16.1
0 482.935 10 1.1 16.1
0 483.036 10 1.1 16.1
0 483.136 10 1.1 16.1
0 483.236 10 1.1 16.1
0 483.335 10 1.1 16.1
0 483.432 10 1.1 16.1
0 483.536 10 1.1 16.1
0 483.636 10 1.1 16.1
0 483.736 10 1.1 16.1
0 483.836 10 1.1 16.1
0 483.937 10 1.1 16.1
0 484.038 10 1.1 16.1
0 484.138 10 1.1 16.1
0 484.238 10 1.1 16.1
0 484.337 10 1.1 16.1
0 484.437 10 1.1 16.1
0 484.534 10 1.1 16.1
0 484.638 10 1.1 16.1
0 484.738 10 1.1 16.1
0 484.837 10 1.1 16.1
0 484.939 10 1.1 16.1
0 485.039 10 1.1 16.1
0 485.138 10 1.1 16.1
0 485.239 10 1.1 16.1
0 485.338 10 1.1 16.1
0 485.435 10 1.1 16.1
0 485.539 10 1.1 16.1
0 485.64 10 1.1 16.1
0 485.739 10 1.1 16.1
0 485.839 10 1.1 16.1
0 485.94 10 1.1 16.1
0 486.04 10 1.1 16.1
0 486.141 10 1.1 16.1
0 486.24 10 1.1 16.1
0 486.34 10 1.1 16.1
0 486.437 10 1.1 16.1
0 486.541 10 1.1 16.1
0 486.641 10 1.1 16.1
0 486.741 10 1.1 16.1
0 486.841 10 1.1 16.1
0 486.942 10 1.1 16.1
0 487.042 10 1.1 16.1
0 487.141 10 1.1 16.1
0 487.238 10 1.1 16.1
0 487.342 10 1.1 16.1
0 487.442 10 1.1 16.1
0 487.543 10 1.1 16.1
0 487.642 10 1.1 16.1
0 487.743 10 1.1 16.1
0 487.842 10 1.1 16.1
0 487.944 10 1.1 16.1
0 488.044 10 1.1 16.1
0 488.144 10 1.1 16.1
0 488.244 10 1.1 16.1
0 488.339 10 1.1 16.1
0 488.443 10 1.1 16.1
0 488.543 10 1.1 16.1
0 488.643 10 1.1 16.1
0 488.744 10 1.1 16.1
0 488.844 10 1.1 16.1
0 488.945 10 1.1 16.1
0 489.045 10 1.1 16.1
0 489.145 10 1.1 16.1
0 489.245 10 1.1 16.1
0 489.341 10 1.1 16.1
0 489.445 10 1.1 16.1
0 489.545 10 1.1 16.1
0 489.645 10 1.1 16.1
0 489.746 10 1.1 16.1
0 489.845 10 1.1 16.1
0 489.946 10 1.1 16.1
0 490.047 10 1.1 16.1
0 490.147 10 1.1 16.1
0 490.246 10 1.1 16.1
0 490.343 10 1.1 16.1
0 490.446 10 1.1 16.1
0 490.547 10 1.1 16.1
0 490.647 10 1.1 16.1
0 490.747 10 1.1 16.1
0 490.847 10 1.1 16.1
0 490.947 10 1.1 16.1
0 491.048 10 1.1 16.1
0 491.147 10 1.1 16.1
0 491.244 10 1.1 16.1
0 491.348 10 1.1 16.1
0 491.448 10 1.1 16.1
0 491.548 10 1.1 16.1
0 491.648 10 1.1 16.1
0 491.748 10 1.1 16.1
0 491.849 10 1.1 16.1
0 491.95 10 1.1 16.1
0 492.051 10 1.1 16.1
0 492.15 10 1.1 16.1
0 492.251 10 1.1 16.1
0 492.35 10 1.1 16.1
0 492.449 10 1.1 16.1
0 492.546 10 1.1 16.1
0 492.65 10 1.1 16.1
0 492.75 10 1.1 16.1
0 492.85 10 1.1 16.1
0 492.951 10 1.1 16.1
0 493.052 10 1.1 16.1
0 493.151 10 1.1 16.1
0 493.252 10 1.1 16.1
0 493.351 10 1.1 16.1
0 493.451 10 1.1 16.1
0 493.548 10 1.1 16.1
0 493.652 10 1.1 16.1
0 493.752 10 1.1 16.1
0 493.852 10 1.1 16.1
0 493.953 10 1.1 16.1
0 494.053 10 1.1 16.1
0 494.153 10 1.1 16.1
0 494.253 10 1.1 16.1
0 494.353 10 1.1 16.1
0 494.449 10 1.1 16.1
0 494.553 10 1.1 16.1
0 494.653 10 1.1 16.1
0 494.754 10 1.1 16.1
0 494.853 10 1.1 16.1
0 494.955 10 1.1 16.1
0 495.054 10 1.1 16.1
0 495.155 10 1.1 16.1
0 495.255 10 1.1 16.1
0 495.354 10 1.1 16.1
0 495.451 10 1.1 16.1
0 495.555 10 1.1 16.1
0 495.655 10 1.1 16.1
0 495.755 10 1.1 16.1
0 495.855 10 1.1 16.1
0 495.956 10 1.1 16.1
0 496.056 10 1.1 16.1
0 496.156 10 1.1 16.1
0 496.252 10 1.1 16.1
0 496.356 10 1.1 16.1
0 496.456 10 1.1 16.1
0 496.557 10 1.1 16.1
0 496.657 10 1.1 16.1
0 496.757 10 1.1 16.1
0 496.858 10 1.1 16.1
0 496.959 10 1.1 16.1
0 497.059 10 1.1 16.1
0 497.158 10 1.1 16.1
0 497.259 10 1.1 16.1
0 497.358 10 1.1 16.1
0 497.458 10 1.1 16.1
0 497.554 10 1.1 16.1
0 497.658 10 1.1 16.1
0 497.759 10 1.1 16.1
0 497.858 10 1.1 16.1
0 497.959 10 1.1 16.1
0 498.06 10 1.1 16.1
0 498.16 10 1.1 16.1
0 498.26 10 1.1 16.1
0 498.36 10 1.1 16.1
0 498.459 10 1.1 16.1
0 498.556 10 1.1 16.1
0 498.66 10 1.1 16.1
0 498.76 10 1.1 16.1
0 498.861 10 1.1 16.1
0 498.961 10 1.1 16.1
0 499.062 10 1.1 16.1
0 499.162 10 1.1 16.1
0 499.262 10 1.1 16.1
0 499.361 10 1.1 16.1
0 499.457 10 1.1 16.1
0 499.561 10 1.1 16.1
0 499.662 10 1.1 16.1
0 499.762 10 1.1 16.1
0 499.862 10 1.1 16.1
0 499.962 10 1.1 16.1
0 500.063 10 1.1 16.1
0 500.163 10 1.1 16.1
0 500.263 10 1.1 16.1
0 500.359 10 1.1 16.1
0 500.463 10 1.1 16.1
0 500.563 10 1.1 16.1
0 500.664 10 1.1 16.1
0 500.764 10 1.2 16.1
0 500.863 10 1.2 16.1
0 500.964 10 1.2 16.1
0 501.065 10 1.2 16.1
0 501.164 10 1.2 16.1
0 501.26 10 1.2 16.1
0 501.364 10 1.2 16.1
0 501.464 10 1.2 16.1
0 501.565 10 1.2 16.1
0 501.665 10 1.2 16.1
0 501.765 10 1.2 16.1
0 501.865 10 1.2 16.1
0 501.966 10 1.2 16.1
0 502.066 10 1.2 16.1
0 502.166 10 1.2 16.1
0 502.262 10 1.2 16.1
0 502.367 10 1.2 16.1
0 502.466 10 1.2 16.1
0 502.567 10 1.2 16.1
0 502.666 10 1.2 16.1
0 502.766 10 1.2 16.1
0 502.866 10 1.2 16.1
0 502.967 10 1.2 16.1
0 503.068 10 1.2 16.1
0 503.167 10 1.2 16.1
0 503.263 10 1.2 16.1
0 503.367 10 1.2 16.1
0 503.467 10 1.2 16.1
0 503.567 10 1.2 16.1
0 503.668 10 1.2 16.1
0 503.767 10 1.2 16.1
0 503.868 10 1.2 16.1
0 503.968 10 1.2 16.1
0 504.069 10 1.2 16.1
0 504.169 10 1.2 16.1
0 504.269 10 1.2 16.1
0 504.365 10 1.2 16.1
0 504.469 10 1.2 16.1
0 504.569 10 1.2 16.1
0 504.67 10 1.2 16.1
0 504.768 10 1.2 16.1
0 504.869 10 1.2 16.1
0 504.97 10 1.2 16.1
0 505.07 10 1.2 16.1
0 505.17 10 1.2 16.1
0 505.267 10 1.2 16.1
0 505.37 10 1.2 16.1
0 505.47 10 1.2 16.1
0 505.571 10 1.2 16.1
0 505.671 10 1.2 16.1
0 505.768 10 1.2 16.1
0 505.871 10 1.2 16.1
0 505.972 10 1.2 16.1
0 506.072 10 1.2 16.1
0 506.172 10 1.2 16.1
0 506.269 10 1.2 16.1
0 506.372 10 1.2 16.1
0 506.472 10 1.2 16.1
0 506.572 10 1.2 16.1
0 506.672 10 1.2 16.1
0 506.769 10 1.2 16.1
0 506.872 10 1.2 16.1
0 506.969 10 1.2 16.1
0 507.074 10 1.2 16.1
0 507.173 10 1.2 16.1
0 507.269 10 1.2 16.1
0 507.373 10 1.2 16.1
0 507.473 10 1.2 16.1
0 507.574 10 1.2 16.1
0 507.674 10 1.2 16.1
0 507.77 10 1.2 16.1
0 507.87 10 1.2 16.1
0 507.975 10 1.2 16.1
0 508.076 10 1.2 16.1
0 508.175 10 1.2 16.1
0 508.271 10 1.2 16.1
0 508.375 10 1.2 16.1
0 508.475 10 1.2 16.1
0 508.576 10 1.2 16.1
0 508.675 10 1.2 16.1
0 508.771 10 1.2 16.1
0 508.872 10 1.2 16.1
0 508.976 10 1.2 16.1
0 509.077 10 1.2 16.1
0 509.176 10 1.2 16.1
0 509.271 11 1.2 16.1
0 509.376 10 1.2 16.1
0 509.476 10 1.2 16.1
0 509.573 10 1.2 16.1
0 509.677 10 1.2 16.1
0 509.771 11 1.2 16.1
0 509.877 9 1.2 16.1
0 509.978 10 1.2 16.1
0 510.079 10 1.2 16.1
0 510.177 10 1.2 16.1
0 510.271 11 1.2 16.1
0 510.374 10 1.2 16.1
0 510.478 10 1.2 16.1
0 510.578 10 1.2 16.1
0 510.678 10 1.2 16.1
0 510.772 11 1.1 16.1
0 510.878 9 1.1 16.1
0 510.975 10 1.1 16.1
0 511.079 10 1.1 16.1
0 511.179 10 1.1 16.1
0 511.276 10 1.1 16.1
0 511.379 10 1.1 16.1
0 511.479 10 1.1 16.1
0 511.579 10 1.1 16.1
0 511.679 10 1.1 16.1
0 511.772 11 1.1 16.1
0 511.876 10 1.1 16.1
0 511.981 10 1.1 16.1
0 512.081 10 1.1 16.1
0 512.18 10 1.1 16.1
0 512.273 11 1.1 16.1
0 512.381 9 1.1 16.1
0 512.477 10 1.1 16.1
0 512.581 10 1.1 16.1
0 512.681 10 1.1 16.1
0 512.774 11 1.1 16.1
0 512.881 9 1.1 16.1
0 512.982 10 1.1 16.1
0 513.082 10 1.1 16.1
0 513.182 10 1.1 16.1
0 513.276 11 1.1 16.1
0 513.382 9 1.1 16.1
0 513.482 10 1.1 16.1
0 513.582 10 1.1 16.1
0 513.682 10 1.1 16.1
0 513.774 11 1.1 16.1
0 513.879 10 1.1 16.1
0 513.983 10 1.1 16.1
0 514.084 10 1.1 16.1
0 514.183 10 1.1 16.1
0 514.279 10 1.1 16.1
0 514.383 10 1.1 16.1
0 514.483 10 1.1 16.1
0 514.58 10 1.1 16.1
0 514.684 10 1.1 16.1
0 514.781 10 1.1 16.1
0 514.884 10 1.1 16.1
0 514.985 10 1.1 16.1
0 515.085 10 1.1 16.1
0 515.185 10 1.1 16.1
0 515.284 10 1.1 16.1
0 515.381 10 1.1 16.1
0 515.485 10 1.1 16.1
0 515.585 10 1.1 16.1
0 515.685 10 1.1 16.1
0 515.784 10 1.1 16.1
0 515.885 10 1.1 16.1
0 515.986 10 1.1 16.1
0 516.082 10 1.1 16.1
0 516.187 10 1.1 16.1
0 516.286 10 1.1 16.1
0 516.386 10 1.1 16.1
0 516.486 10 1.1 16.1
0 516.587 10 1.1 16.1
0 516.687 10 1.1 16.1
0 516.783 10 1.1 16.1
0 516.887 10 1.1 16.1
0 516.988 10 1.1 16.1
0 517.088 10 1.1 16.1
0 517.188 10 1.1 16.1
0 517.288 10 1.1 16.1
0 517.388 10 1.1 16.1
0 517.488 10 1.1 16.1
0 517.584 10 1.1 16.1
0 517.688 10 1.1 16.1
0 517.788 10 1.1 16.1
0 517.889 10 1.1 16.1
0 517.989 10 1.1 16.1
0 518.09 10 1.1 16.1
0 518.19 10 1.1 16.1
0 518.289 10 1.1 16.1
0 518.389 10 1.1 16.1
0 518.486 10 1.1 16.1
0 518.59 10 1.1 16.1
0 518.691 10 1.1 16.1
0 518.79 10 1.1 16.1
0 518.89 10 1.1 16.1
0 518.992 10 1.1 16.1
0 519.091 10 1.1 16.1
0 519.192 10 1.1 16.1
0 519.291 10 1.1 16.1
0 519.391 10 1.1 16.1
0 519.488 10 1.1 16.1
0 519.592 10 1.1 16.1
0 519.691 10 1.1 16.1
0 519.791 10 1.1 16.1
0 519.892 10 1.1 16.1
0 519.992 10 1.1 16.1
0 520.093 10 1.1 16.1
0 520.193 10 1.1 16.1
0 520.293 10 1.1 16.1
0 520.389 10 1.1 16.1
0 520.493 10 1.1 16.1
0 520.593 10 1.1 16.1
0 520.694 10 1.1 16.1
0 520.793 10 1.0 16.1
0 520.894 10 1.0 16.1
0 520.994 10 1.0 16.1
0 521.095 10 1.0 16.1
0 521.194 10 1.0 16.1
0 521.294 10 1.0 16.1
0 521.39 10 1.0 16.1
0 521.494 10 1.0 16.1
0 521.595 10 1.0 16.1
0 521.695 10 1.0 16.1
0 521.794 10 1.0 16.1
0 521.895 10 1.0 16.1
0 521.996 10 1.0 16.1
0 522.097 10 1.0 16.1
0 522.196 10 1.0 16.1
0 522.296 10 1.0 16.1
0 522.396 10 1.0 16.1
0 522.496 10 1.0 16.1
0 522.592 10 1.0 16.1
0 522.696 10 1.0 16.1
0 522.796 10 1.0 16.1
0 522.897 10 1.0 16.1
0 522.997 10 1.0 16.1
0 523.097 10 1.0 16.1
0 523.197 10 1.0 16.1
0 523.297 10 1.0 16.1
0 523.397 10 1.0 16.1
0 523.493 10 1.0 16.1
0 523.597 10 1.0 16.1
0 523.697 10 1.0 16.1
0 523.797 10 1.0 16.1
0 523.899 10 1.0 16.1
0 523.999 10 1.0 16.1
0 524.099 10 1.0 16.1
0 524.2 10 1.0 16.1
0 524.299 10 1.0 16.1
0 524.399 10 1.0 16.1
0 524.499 10 1.0 16.1
0 524.595 10 1.0 16.1
0 524.7 10 1.0 16.1
0 524.799 10 1.0 16.1
0 524.9 10 1.0 16.1
0 525.001 10 1.0 16.1
0 525.101 10 1.0 16.1
0 525.2 10 1.0 16.1
0 525.3 10 1.0 16.1
0 525.4 10 1.0 16.1
0 525.496 10 1.0 16.1
0 525.601 10 1.0 16.1
0 525.701 10 1.0 16.1
0 525.8 10 1.0 16.1
0 525.901 10 1.0 16.1
0 526.002 10 1.0 16.1
0 526.102 10 1.0 16.1
0 526.201 10 1.0 16.1
0 526.301 10 1.0 16.1
0 526.402 10 1.0 16.1
0 526.498 10 1.0 16.1
0 526.602 10 1.0 16.1
0 526.702 10 1.0 16.1
0 526.802 10 1.0 16.1
0 526.902 10 1.0 16.1
0 527.004 10 1.0 16.1
0 527.103 10 1.0 16.1
0 527.203 10 1.0 16.1
0 527.303 10 1.0 16.1
0 527.404 10 1.0 16.1
0 527.503 10 1.0 16.1
0 527.6 10 1.0 16.1
0 527.704 10 1.0 16.1
0 527.803 10 1.0 16.1
0 527.904 10 1.0 16.1
0 528.004 10 1.0 16.1
0 528.105 10 1.0 16.1
0 528.205 10 1.0 16.1
0 528.304 10 1.0 16.1
0 528.405 10 1.0 16.1
0 528.504 10 1.0 16.1
0 528.601 10 1.0 16.1
0 528.705 10 1.0 16.1
0 528.805 10 1.0 16.1
0 528.905 10 1.0 16.1
0 529.006 10 1.0 16.1
0 529.106 10 1.0 16.1
0 529.206 10 1.0 16.1
0 529.306 10 1.0 16.1
0 529.406 10 1.0 16.1
0 529.506 10 1.0 16.1
0 529.603 10 1.0 16.1
0 529.706 10 1.0 16.1
0 529.806 10 1.0 16.1
0 529.906 10 1.0 16.1
0 530.007 10 1.0 16.1
0 530.108 10 1.0 16.1
0 530.208 10 1.0 16.1
0 530.307 10 1.0 16.1
0 530.408 10 1.0 16.1
0 530.507 10 1.0 16.1
0 530.608 10 1.0 16.1
0 530.708 10 1.0 16.1
0 530.808 10 1.1 16.1
0 530.904 10 1.1 16.1
0 531.01 10 1.1 16.1
0 531.11 10 1.1 16.1
0 531.21 10 1.1 16.1
0 531.309 10 1.1 16.1
0 531.41 10 1.1 16.1
0 531.509 10 1.1 16.1
0 531.609 10 1.1 16.1
0 531.71 10 1.1 16.1
0 531.809 10 1.1 16.1
0 531.91 10 1.1 16.1
0 532.011 10 1.1 16.1
0 532.112 10 1.1 16.1
0 532.211 10 1.1 16.1
0 532.311 10 1.1 16.1
0 532.411 10 1.1 16.1
0 532.511 10 1.1 16.1
0 532.612 10 1.1 16.1
0 532.711 10 1.1 16.1
0 532.81 10 1.1 16.1
0 532.911 10 1.1 16.1
0 533.011 10 1.1 16.1
0 533.108 10 1.1 16.1
0 533.212 10 1.1 16.1
0 533.312 10 1.1 16.1
0 533.412 10 1.1 16.1
0 533.511 10 1.1 16.1
0 533.612 10 1.1 16.1
0 533.712 10 1.1 16.1
0 533.811 10 1.1 16.1
0 533.908 10 1.1 16.1
0 534.013 10 1.1 16.1
0 534.114 10 1.1 16.1
0 534.214 10 1.1 16.1
0 534.313 10 1.1 16.1
0 534.413 10 1.1 16.1
0 534.513 10 1.1 16.1
0 534.613 10 1.1 16.1
0 534.714 10 1.1 16.1
0 534.812 10 1.1 16.1
0 534.91 10 1.1 16.1
0 535.014 10 1.1 16.1
0 535.114 10 1.1 16.1
0 535.214 10 1.1 16.1
0 535.314 10 1.1 16.1
0 535.415 10 1.1 16.1
0 535.515 10 1.1 16.1
0 535.615 10 1.1 16.1
0 535.715 10 1.1 16.1
0 535.814 10 1.1 16.1
0 535.911 10 1.1 16.1
0 536.015 10 1.1 16.1
0 536.116 10 1.1 16.1
0 536.216 10 1.1 16.1
0 536.315 10 1.1 16.1
0 536.416 10 1.1 16.1
0 536.516 10 1.1 16.1
0 536.617 10 1.1 16.1
0 536.716 10 1.1 16.1
0 536.815 10 1.1 16.1
0 536.912 10 1.1 16.1
0 537.017 10 1.1 16.1
0 537.117 10 1.1 16.1
0 537.217 10 1.1 16.1
0 537.317 10 1.1 16.1
0 537.417 10 1.1 16.1
0 537.517 10 1.1 16.1
0 537.617 10 1.1 16.1
0 537.717 10 1.1 16.1
0 537.816 10 1.1 16.1
0 537.917 10 1.1 16.1
0 538.018 10 1.1 16.1
0 538.118 10 1.1 16.1
0 538.218 10 1.1 16.1
0 538.318 10 1.1 16.1
0 538.418 10 1.1 16.1
0 538.518 10 1.1 16.1
0 538.618 10 1.1 16.1
0 538.719 10 1.1 16.1
0 538.817 10 1.1 16.1
0 538.919 10 1.1 16.1
0 539.019 10 1.1 16.1
0 539.12 10 1.1 16.1
0 539.22 10 1.1 16.1
0 539.319 10 1.1 16.1
0 539.42 10 1.1 16.1
0 539.519 10 1.1 16.1
0 539.62 10 1.1 16.1
0 539.72 10 1.1 16.1
0 539.819 10 1.1 16.1
0 539.92 10 1.1 16.1
0 540.021 10 1.1 16.1
0 540.121 10 1.1 16.1
0 540.221 10 1.1 16.1
0 540.32 10 1.1 16.1
0 540.421 10 1.1 16.1
0 540.521 10 1.1 16.1
0 540.621 10 1.1 16.1
0 540.721 10 1.1 16.1
0 540.82 10 1.1 16.1
0 540.922 10 1.1 16.1
0 541.022 10 1.1 16.1
0 541.123 10 1.1 16.1
0 541.223 10 1.1 16.1
0 541.323 10 1.1 16.1
0 541.423 10 1.1 16.1
0 541.523 10 1.1 16.1
0 541.623 10 1.1 16.1
0 541.723 10 1.1 16.1
0 541.822 10 1.1 16.1
0 541.923 10 1.1 16.1
0 542.024 10 1.1 16.1
0 542.125 10 1.1 16.1
0 542.224 10 1.1 16.1
0 542.323 10 1.1 16.1
0 542.425 10 1.1 16.1
0 542.524 10 1.1 16.1
0 542.625 10 1.1 16.1
0 542.725 10 1.1 16.1
0 542.824 10 1.1 16.1
0 542.925 10 1.1 16.1
0 543.025 10 1.1 16.1
0 543.126 10 1.1 16.1
0 543.226 10 1.1 16.1
0 543.325 10 1.1 16.1
0 543.426 10 1.1 16.1
0 543.526 10 1.1 16.1
0 543.627 10 1.1 16.1
0 543.726 10 1.1 16.1
0 543.825 10 1.1 16.1
0 543.926 10 1.1 16.1
0 544.028 10 1.1 16.1
0 544.127 10 1.1 16.1
0 544.227 10 1.1 16.1
0 544.327 10 1.1 16.1
0 544.427 10 1.1 16.1
0 544.527 10 1.1 16.1
0 544.627 10 1.1 16.1
0 544.728 10 1.1 16.1
0 544.826 10 1.1 16.1
0 544.928 10 1.1 16.1
0 545.028 10 1.1 16.1
0 545.129 10 1.1 16.1
0 545.229 10 1.1 16.1
0 545.328 10 1.1 16.1
0 545.429 10 1.1 16.1
0 545.529 10 1.1 16.1
0 545.629 10 1.1 16.1
0 545.729 10 1.1 16.1
0 545.828 10 1.1 16.1
0 545.929 10 1.1 16.1
0 546.03 10 1.1 16.1
0 546.131 10 1.1 16.1
0 546.231 10 1.1 16.1
0 546.33 10 1.1 16.1
0 546.431 10 1.1 16.1
0 546.53 10 1.1 16.1
0 546.63 10 1.1 16.1
0 546.73 10 1.1 16.1
0 546.829 10 1.1 16.1
0 546.931 10 1.1 16.1
0 547.032 10 1.1 16.1
0 547.132 10 1.1 16.1
0 547.232 10 1.1 16.1
0 547.331 10 1.1 16.1
0 547.432 10 1.1 16.1
0 547.531 10 1.1 16.1
0 547.632 10 1.1 16.1
0 547.732 10 1.1 16.1
0 547.831 10 1.1 16.1
0 547.932 10 1.1 16.1
0 548.033 10 1.1 16.1
0 548.133 10 1.1 16.1
0 548.233 10 1.1 16.1
0 548.332 10 1.1 16.1
0 548.434 10 1.1 16.1
0 548.533 10 1.1 16.1
0 548.633 10 1.1 16.1
0 548.733 10 1.1 16.1
0 548.832 10 1.1 16.1
0 548.934 10 1.1 16.1
0 549.034 10 1.1 16.1
0 549.135 10 1.1 16.1
0 549.235 10 1.1 16.1
0 549.333 10 1.1 16.1
0 549.435 10 1.1 16.1
0 549.535 10 1.1 16.1
0 549.635 10 1.1 16.1
0 549.735 10 1.1 16.1
0 549.833 10 1.1 16.1
0 549.935 10 1.1 16.1
0 550.036 10 1.1 16.1
0 550.136 10 1.1 16.1
0 550.236 10 1.1 16.1
0 550.335 10 1.1 16.1
0 550.436 10 1.1 16.1
0 550.536 10 1.1 16.1
0 550.637 10 1.1 16.1
0 550.736 10 1.1 16.1
0 550.835 10 1.1 16.1
0 550.937 10 1.1 16.1
0 551.037 10 1.1 16.1
0 551.138 10 1.1 16.1
0 551.238 10 1.1 16.1
0 551.338 10 1.1 16.1
0 551.438 10 1.1 16.1
0 551.538 10 1.1 16.1
0 551.638 10 1.1 16.1
0 551.738 10 1.1 16.1
0 551.837 10 1.1 16.1
0 551.938 10 1.1 16.1
0 552.04 10 1.1 16.1
0 552.14 10 1.1 16.1
0 552.24 10 1.1 16.1
0 552.339 10 1.1 16.1
0 552.44 10 1.1 16.1
0 552.539 10 1.1 16.1
0 552.64 10 1.1 16.1
0 552.74 10 1.1 16.1
0 552.839 10 1.1 16.1
0 552.94 10 1.1 16.1
0 553.04 10 1.1 16.1
0 553.141 10 1.1 16.1
0 553.242 10 1.1 16.1
0 553.34 10 1.1 16.1
0 553.442 10 1.1 16.1
0 553.541 10 1.1 16.1
0 553.641 10 1.1 16.1
0 553.741 10 1.1 16.1
0 553.841 10 1.1 16.1
0 553.942 10 1.1 16.1
0 554.042 10 1.1 16.1
0 554.143 10 1.1 16.1
0 554.243 10 1.1 16.1
0 554.343 10 1.1 16.1
0 554.443 10 1.1 16.1
0 554.543 10 1.1 16.1
0 554.643 10 1.1 16.1
0 554.741 10 1.1 16.1
0 554.843 10 1.1 16.1
0 554.944 10 1.1 16.1
0 555.045 10 1.1 16.1
0 555.145 10 1.1 16.1
0 555.245 10 1.1 16.1
0 555.344 10 1.1 16.1
0 555.445 10 1.1 16.1
0 555.544 10 1.1 16.1
0 555.645 10 1.1 16.1
0 555.745 10 1.1 16.1
0 555.845 10 1.1 16.1
0 555.945 10 1.1 16.1
0 556.046 10 1.1 16.1
0 556.147 10 1.1 16.1
0 556.246 10 1.1 16.1
0 556.343 10 1.1 16.1
0 556.447 10 1.1 16.1
0 556.547 10 1.1 16.1
0 556.646 10 1.1 16.1
0 556.747 10 1.1 16.1
0 556.847 10 1.1 16.1
0 556.947 10 1.1 16.1
0 557.044 10 1.1 16.1
0 557.149 10 1.1 16.1
0 557.248 10 1.1 16.1
0 557.348 10 1.1 16.1
0 557.448 10 1.1 16.1
0 557.547 10 1.1 16.1
0 557.648 10 1.1 16.1
0 557.748 10 1.1 16.1
0 557.845 10 1.1 16.1
0 557.948 10 1.1 16.1
0 558.049 10 1.1 16.1
0 558.149 10 1.1 16.1
0 558.249 10 1.1 16.1
0 558.349 10 1.1 16.1
0 558.45 10 1.1 16.1
0 558.549 10 1.1 16.1
0 558.649 10 1.1 16.1
0 558.746 10 1.1 16.1
0 558.85 10 1.1 16.1
0 558.95 10 1.1 16.1
0 559.05 10 1.1 16.1
0 559.151 10 1.1 16.1
0 559.252 10 1.1 16.1
0 559.351 10 1.1 16.1
0 559.451 10 1.1 16.1
0 559.551 10 1.1 16.1
0 559.648 10 1.1 16.1
0 559.751 10 1.1 16.1
0 559.851 10 1.1 16.1
0 559.951 10 1.1 16.1
0 560.052 10 1.1 16.1
0 560.152 10 1.1 16.1
0 560.253 10 1.1 16.1
0 560.352 10 1.1 16.1
0 560.449 10 1.1 16.1
0 560.552 10 1.1 16.1
0 560.653 10 1.1 16.1
0 560.753 10 1.1 16.1
0 560.853 10 1.2 16.1
0 560.953 10 1.2 16.1
0 561.054 10 1.2 16.1
0 561.154 10 1.2 16.1
0 561.254 10 1.2 16.1
0 561.353 10 1.2 16.1
0 561.451 10 1.2 16.1
0 561.554 10 1.2 16.1
0 561.654 10 1.2 16.1
0 561.754 10 1.2 16.1
0 561.854 10 1.2 16.1
0 561.955 10 1.2 16.1
0 562.056 10 1.2 16.1
0 562.156 10 1.2 16.1
0 562.256 10 1.2 16.1
0 562.352 10 1.2 16.1
0 562.455 10 1.2 16.1
0 562.555 10 1.2 16.1
0 562.656 10 1.2 16.1
0 562.756 10 1.2 16.1
0 562.855 10 1.2 16.1
0 562.956 10 1.2 16.1
0 563.053 10 1.2 16.1
0 563.157 10 1.2 16.1
0 563.257 10 1.2 16.1
0 563.357 10 1.2 16.1
0 563.457 10 1.2 16.1
0 563.557 10 1.2 16.1
0 563.657 10 1.2 16.1
0 563.757 10 1.2 16.1
0 563.854 10 1.2 16.1
0 563.957 10 1.2 16.1
0 564.059 10 1.2 16.1
0 564.158 10 1.2 16.1
0 564.259 10 1.2 16.1
0 564.358 10 1.2 16.1
0 564.46 10 1.2 16.1
0 564.559 10 1.2 16.1
0 564.659 10 1.2 16.1
0 564.759 10 1.2 16.1
0 564.859 10 1.2 16.1
0 564.956 10 1.2 16.1
0 565.06 10 1.2 16.1
0 565.16 10 1.2 16.1
0 565.26 10 1.2 16.1
0 565.36 10 1.2 16.1
0 565.46 10 1.2 16.1
0 565.56 10 1.2 16.1
0 565.659 10 1.2 16.1
0 565.76 10 1.2 16.1
0 565.86 10 1.2 16.1
0 565.96 10 1.2 16.1
0 566.061 10 1.2 16.1
0 566.161 10 1.2 16.1
0 566.262 10 1.2 16.1
0 566.361 10 1.2 16.1
0 566.461 10 1.2 16.1
0 566.561 10 1.2 16.1
0 566.661 10 1.2 16.1
0 566.762 10 1.2 16.1
0 566.861 10 1.2 16.1
0 566.962 10 1.2 16.1
0 567.062 10 1.2 16.1
0 567.164 10 1.2 16.1
0 567.263 10 1.2 16.1
0 567.363 10 1.2 16.1
0 567.463 10 1.2 16.1
0 567.562 10 1.2 16.1
0 567.663 10 1.2 16.1
0 567.763 10 1.2 16.1
0 567.863 10 1.2 16.1
0 567.963 10 1.2 16.1
0 568.063 10 1.2 16.1
0 568.164 10 1.2 16.1
0 568.264 10 1.2 16.1
0 568.364 10 1.2 16.1
0 568.465 10 1.2 16.1
0 568.564 10 1.2 16.1
0 568.664 10 1.2 16.1
0 568.765 10 1.2 16.1
0 568.864 10 1.2 16.1
0 568.965 10 1.2 16.1
0 569.065 10 1.2 16.1
0 569.165 10 1.2 16.1
0 569.266 10 1.2 16.1
0 569.366 10 1.2 16.1
0 569.466 10 1.2 16.1
0 569.566 10 1.2 16.1
0 569.666 10 1.2 16.1
0 569.766 10 1.2 16.1
0 569.866 10 1.2 16.1
0 569.967 10 1.2 16.1
0 570.067 10 1.2 16.1
0 570.168 10 1.2 16.1
0 570.268 10 1.2 16.1
0 570.367 10 1.2 16.1
0 570.467 10 1.2 16.1
0 570.567 10 1.2 16.1
0 570.667 10 1.2 16.1
0 570.768 10 1.2 16.1
0 570.868 10 1.3 16.1
0 570.968 10 1.3 16.1
0 571.068 10 1.3 16.1
0 571.168 10 1.3 16.1
0 571.268 10 1.3 16.1
0 571.369 10 1.3 16.1
0 571.469 10 1.3 16.1
0 571.568 10 1.3 16.1
0 571.669 10 1.3 16.1
0 571.769 10 1.3 16.1
0 571.869 10 1.3 16.1
0 571.97 10 1.3 16.1
0 572.07 10 1.3 16.1
0 572.171 10 1.3 16.1
0 572.27 10 1.3 16.1
0 572.37 10 1.3 16.1
0 572.471 10 1.3 16.1
0 572.57 10 1.3 16.1
0 572.67 10 1.3 16.1
0 572.771 10 1.3 16.1
0 572.87 10 1.3 16.1
0 572.971 10 1.3 16.1
0 573.071 10 1.3 16.1
0 573.171 10 1.3 16.1
0 573.272 10 1.3 16.1
0 573.371 10 1.3 16.1
0 573.472 10 1.3 16.1
0 573.571 10 1.3 16.1
0 573.672 10 1.3 16.1
0 573.772 10 1.3 16.1
0 573.872 10 1.3 16.1
0 573.972 10 1.3 16.1
0 574.072 10 1.3 16.1
0 574.173 10 1.3 16.1
0 574.274 10 1.3 16.1
0 574.373 10 1.3 16.1
0 574.473 10 1.3 16.1
0 574.573 10 1.3 16.1
0 574.673 10 1.3 16.1
0 574.774 10 1.3 16.1
0 574.873 10 1.3 16.1
0 574.974 10 1.3 16.1
0 575.074 10 1.3 16.1
0 575.175 10 1.3 16.1
0 575.275 10 1.3 16.1
0 575.374 10 1.3 16.1
0 575.475 10 1.3 16.1
0 575.575 10 1.3 16.1
0 575.675 10 1.3 16.1
0 575.775 10 1.3 16.1
0 575.875 10 1.3 16.1
0 575.976 10 1.3 16.1
0 576.076 10 1.3 16.1
0 576.177 10 1.3 16.1
0 576.277 10 1.3 16.1
0 576.376 10 1.3 16.1
0 576.477 10 1.3 16.1
0 576.576 10 1.3 16.1
0 576.676 10 1.3 16.1
0 576.777 10 1.3 16.1
0 576.876 10 1.3 16.1
0 576.977 10 1.3 16.1
0 577.078 10 1.3 16.1
0 577.178 10 1.3 16.1
0 577.277 10 1.3 16.1
0 577.378 10 1.3 16.1
0 577.478 10 1.3 16.1
0 577.577 10 1.3 16.1
0 577.678 10 1.3 16.1
0 577.778 10 1.3 16.1
0 577.878 10 1.3 16.1
0 577.979 10 1.3 16.1
0 578.079 10 1.3 16.1
0 578.18 10 1.3 16.1
0 578.28 10 1.3 16.1
0 578.379 10 1.3 16.1
0 578.48 10 1.3 16.1
0 578.579 10 1.3 16.1
0 578.679 10 1.3 16.1
0 578.78 10 1.3 16.1
0 578.879 10 1.3 16.1
0 578.98 10 1.3 16.1
0 579.08 10 1.3 16.1
0 579.181 10 1.3 16.1
0 579.282 10 1.3 16.1
0 579.38 10 1.3 16.1
0 579.481 10 1.3 16.1
0 579.58 10 1.3 16.1
0 579.681 10 1.3 16.1
0 579.781 10 1.3 16.1
0 579.881 10 1.3 16.1
0 579.982 10 1.3 16.1
0 580.082 10 1.3 16.1
0 580.182 10 1.3 16.1
0 580.282 10 1.3 16.1
0 580.382 10 1.3 16.1
0 580.483 10 1.3 16.1
0 580.582 10 1.3 16.1
0 580.683 10 1.3 16.1
0 580.783 10 1.3 16.1
0 580.884 10 1.1 16.1
0 580.983 10 1.1 16.1
0 581.084 10 1.1 16.1
0 581.184 10 1.1 16.1
0 581.284 10 1.1 16.1
0 581.384 10 1.1 16.1
0 581.485 10 1.1 16.1
0 581.584 10 1.1 16.1
0 581.684 10 1.1 16.1
0 581.785 10 1.1 16.1
0 581.884 10 1.1 16.1
0 581.985 10 1.1 16.1
0 582.085 10 1.1 16.1
0 582.185 10 1.1 16.1
0 582.286 10 1.1 16.1
0 582.386 10 1.1 16.1
0 582.486 10 1.1 16.1
0 582.585 10 1.1 16.1
0 582.686 10 1.1 16.1
0 582.786 10 1.1 16.1
0 582.885 10 1.1 16.1
0 582.986 10 1.1 16.1
0 583.087 10 1.1 16.1
0 583.186 10 1.1 16.1
0 583.288 10 1.1 16.1
0 583.387 10 1.1 16.1
0 583.487 10 1.1 16.1
0 583.587 10 1.1 16.1
0 583.688 10 1.1 16.1
0 583.788 10 1.1 16.1
0 583.887 10 1.1 16.1
0 583.988 10 1.1 16.1
0 584.088 10 1.1 16.1
0 584.188 10 1.1 16.1
0 584.29 10 1.1 16.1
0 584.388 10 1.1 16.1
0 584.489 10 1.1 16.1
0 584.589 10 1.1 16.1
0 584.689 10 1.1 16.1
0 584.79 10 1.1 16.1
0 584.888 10 1.1 16.1
0 584.99 10 1.1 16.1
0 585.09 10 1.1 16.1
0 585.189 10 1.1 16.1
0 585.291 10 1.1 16.1
0 585.39 10 1.1 16.1
0 585.491 10 1.1 16.1
0 585.59 10 1.1 16.1
0 585.687 10 1.1 16.1
0 585.791 10 1.1 16.1
0 585.891 10 1.1 16.1
0 585.992 10 1.1 16.1
0 586.091 10 1.1 16.1
0 586.192 10 1.1 16.1
0 586.292 10 1.1 16.1
0 586.392 10 1.1 16.1
0 586.492 10 1.1 16.1
0 586.592 10 1.1 16.1
0 586.689 10 1.1 16.1
0 586.793 10 1.1 16.1
0 586.892 10 1.1 16.1
0 586.993 10 1.1 16.1
0 587.094 10 1.1 16.1
0 587.194 10 1.1 16.1
0 587.294 10 1.1 16.1
0 587.394 10 1.1 16.1
0 587.494 10 1.1 16.1
0 587.593 10 1.1 16.1
0 587.69 10 1.1 16.1
0 587.794 10 1.1 16.1
0 587.894 10 1.1 16.1
0 587.995 10 1.1 16.1
0 588.094 10 1.1 16.1
0 588.195 10 1.1 16.1
0 588.296 10 1.1 16.1
0 588.394 10 1.1 16.1
0 588.495 10 1.1 16.1
0 588.595 10 1.1 16.1
0 588.695 10 1.1 16.1
0 588.796 10 1.1 16.1
0 588.895 10 1.1 16.1
0 588.996 10 1.1 16.1
0 589.096 10 1.1 16.1
0 589.196 10 1.1 16.1
0 589.297 10 1.1 16.1
0 589.397 10 1.1 16.1
0 589.497 10 1.1 16.1
0 589.596 10 1.1 16.1
0 589.696 10 1.1 16.1
0 589.797 10 1.1 16.1
0 589.896 10 1.1 16.1
0 589.997 10 1.1 16.1
0 590.097 10 1.1 16.1
0 590.197 10 1.1 16.1
0 590.298 10 1.1 16.1
0 590.397 10 1.1 16.1
0 590.498 10 1.1 16.1
0 590.598 10 1.1 16.1
0 590.698 10 1.1 16.1
0 590.798 10 1.1 16.1
0 590.898 10 1.2 16.1
0 590.999 10 1.2 16.1
0 591.098 10 1.2 16.1
0 591.199 10 1.2 16.1
0 591.3 10 1.2 16.1
0 591.399 10 1.2 16.1
0 591.5 10 1.2 16.1
0 591.599 10 1.2 16.1
0 591.7 10 1.2 16.1
0 591.8 10 1.2 16.1
0 591.899 10 1.2 16.1
0 592.0 10 1.2 16.1
0 592.101 10 1.2 16.1
0 592.201 10 1.2 16.1
0 592.301 10 1.2 16.1
0 592.401 10 1.2 16.1
0 592.501 10 1.2 16.1
0 592.601 10 1.2 16.1
0 592.702 10 1.2 16.1
0 592.801 10 1.2 16.1
0 592.901 10 1.2 16.1
0 593.002 10 1.2 16.1
0 593.102 10 1.2 16.1
0 593.203 10 1.2 16.1
0 593.303 10 1.2 16.1
0 593.403 10 1.2 16.1
0 593.503 10 1.2 16.1
0 593.599 10 1.2 16.1
0 593.703 10 1.2 16.1
0 593.803 10 1.2 16.1
0 593.902 10 1.2 16.1
0 594.003 10 1.2 16.1
0 594.104 10 1.2 16.1
0 594.205 10 1.2 16.1
0 594.305 10 1.2 16.1
0 594.404 10 1.2 16.1
0 594.504 10 1.2 16.1
0 594.604 10 1.2 16.1
0 594.705 10 1.2 16.1
0 594.805 10 1.2 16.1
0 594.904 10 1.2 16.1
0 595.005 10 1.2 16.1
0 595.105 10 1.2 16.1
0 595.206 10 1.2 16.1
0 595.306 10 1.2 16.1
0 595.405 10 1.2 16.1
0 595.506 10 1.2 16.1
0 595.605 10 1.2 16.1
0 595.706 10 1.2 16.1
0 595.806 10 1.2 16.1
0 595.905 10 1.2 16.1
0 596.006 10 1.2 16.1
0 596.106 10 1.2 16.1
0 596.206 10 1.2 16.1
0 596.306 10 1.2 16.1
0 596.406 10 1.2 16.1
0 596.507 10 1.2 16.1
0 596.607 10 1.2 16.1
0 596.708 10 1.2 16.1
0 596.806 10 1.2 16.1
0 596.908 10 1.2 16.1
0 597.008 10 1.2 16.1
0 597.109 10 1.2 16.1
0 597.209 10 1.2 16.1
0 597.307 10 1.2 16.1
0 597.408 10 1.2 16.1
0 597.509 10 1.2 16.1
0 597.608 10 1.2 16.1
0 597.709 10 1.2 16.1
0 597.807 10 1.2 16.1
0 597.908 10 1.2 16.1
0 598.008 10 1.2 16.1
0 598.109 10 1.2 16.1
0 598.209 10 1.2 16.1
0 598.307 10 1.2 16.1
0 598.405 10 1.2 16.1
0 598.51 10 1.2 16.1
0 598.606 10 1.2 16.1
0 598.711 10 1.2 16.1
0 598.808 10 1.2 16.1
0 598.91 10 1.2 16.1
0 599.011 10 1.2 16.1
0 599.111 10 1.2 16.1
0 599.211 10 1.2 16.1
0 599.308 10 1.2 16.1
0 599.406 10 1.2 16.1
0 599.511 10 1.2 16.1
0 599.611 10 1.2 16.1
0 599.711 10 1.2 16.1
0 599.808 10 1.2 16.1
0 599.912 10 1.2 16.1
0 600.012 10 1.2 16.1
0 600.112 10 1.2 16.1
0 600.213 10 1.2 16.1
0 600.309 10 1.2 16.1
0 600.408 10 1.2 16.1
0 600.513 10 1.2 16.1
0 600.613 10 1.2 16.1
0 600.713 10 1.2 16.1
0 600.809 10 1.2 16.1
0 600.913 10 1.1 16.1
0 601.013 10 1.1 16.1
0 601.114 10 1.1 16.1
0 601.214 10 1.1 16.1
0 601.31 10 1.1 16.1
0 601.41 10 1.1 16.1
0 601.515 10 1.1 16.1
0 601.615 10 1.1 16.1
0 601.715 10 1.1 16.1
0 601.809 11 1.1 16.1
0 601.915 9 1.1 16.1
0 602.015 10 1.1 16.1
0 602.117 10 1.1 16.1
0 602.217 10 1.1 16.1
0 602.31 11 1.1 16.1
0 602.411 10 1.1 16.1
0 602.517 9 1.1 16.1
0 602.616 10 1.1 16.1
0 602.716 10 1.1 16.1
0 602.811 11 1.1 16.1
0 602.917 9 1.1 16.1
0 603.017 10 1.1 16.1
0 603.117 10 1.1 16.1
0 603.218 10 1.1 16.1
0 603.312 11 1.1 16.1
0 603.412 10 1.1 16.1
0 603.517 10 1.1 16.1
0 603.615 10 1.1 16.1
0 603.717 10 1.1 16.1
0 603.811 11 1.1 16.1
0 603.918 9 1.1 16.1
0 604.018 10 1.1 16.1
0 604.119 10 1.1 16.1
0 604.219 10 1.1 16.1
0 604.312 11 1.1 16.1
0 604.414 10 1.1 16.1
0 604.519 10 1.1 16.1
0 604.619 10 1.1 16.1
0 604.719 10 1.1 16.1
0 604.812 11 1.1 16.1
0 604.919 9 1.1 16.1
0 605.02 10 1.1 16.1
0 605.12 10 1.1 16.1
0 605.22 10 1.1 16.1
0 605.314 11 1.1 16.1
0 605.415 10 1.1 16.1
0 605.521 9 1.1 16.1
0 605.621 10 1.1 16.1
0 605.721 10 1.1 16.1
0 605.814 11 1.1 16.1
0 605.921 9 1.1 16.1
0 606.022 10 1.1 16.1
0 606.122 10 1.1 16.1
0 606.223 10 1.1 16.1
0 606.316 11 1.1 16.1
0 606.419 10 1.1 16.1
0 606.523 10 1.1 16.1
0 606.623 10 1.1 16.1
0 606.723 10 1.1 16.1
0 606.816 11 1.1 16.1
0 606.923 9 1.1 16.1
0 607.02 10 1.1 16.1
0 607.124 10 1.1 16.1
0 607.225 10 1.1 16.1
0 607.32 11 1.1 16.1
0 607.424 10 1.1 16.1
0 607.525 10 1.1 16.1
0 607.625 10 1.1 16.1
0 607.725 10 1.1 16.1
0 607.824 10 1.1 16.1
0 607.921 10 1.1 16.1
0 608.026 10 1.1 16.1
0 608.125 10 1.1 16.1
0 608.225 10 1.1 16.1
0 608.316 11 1.1 16.1
0 608.426 9 1.1 16.1
0 608.526 10 1.1 16.1
0 608.62 11 1.1 16.1
0 608.722 10 1.1 16.1
0 608.826 10 1.1 16.1
0 608.926 10 1.1 16.1
0 609.027 10 1.1 16.1
0 609.127 10 1.1 16.1
0 609.227 10 1.1 16.1
0 609.326 10 1.1 16.1
0 609.427 10 1.1 16.1
0 609.528 10 1.1 16.1
0 609.627 10 1.1 16.1
0 609.724 10 1.1 16.1
0 609.827 10 1.1 16.1
0 609.927 10 1.1 16.1
0 610.028 10 1.1 16.1
0 610.128 10 1.1 16.1
0 610.229 10 1.1 16.1
0 610.328 10 1.1 16.1
0 610.429 10 1.1 16.1
0 610.528 10 1.1 16.1
0 610.625 10 1.1 16.1
0 610.729 10 1.1 16.1
0 610.829 10 1.1 16.1
0 610.931 10 1.1 16.1
0 611.03 10 1.1 16.1
0 611.13 10 1.1 16.1
0 611.23 10 1.1 16.1
0 611.33 10 1.1 16.1
0 611.43 10 1.1 16.1
0 611.53 10 1.1 16.1
0 611.63 10 1.1 16.1
0 611.727 10 1.1 16.1
0 611.83 10 1.1 16.1
0 611.93 10 1.1 16.1
0 612.031 10 1.1 16.1
0 612.131 10 1.1 16.1
0 612.232 10 1.1 16.1
0 612.331 10 1.1 16.1
0 612.433 10 1.1 16.1
0 612.533 10 1.1 16.1
0 612.631 10 1.1 16.1
0 612.733 10 1.1 16.1
0 612.832 10 1.1 16.1
0 612.932 10 1.1 16.1
0 613.029 10 1.1 16.1
0 613.133 10 1.1 16.1
0 613.233 10 1.1 16.1
0 613.333 10 1.1 16.1
0 613.434 10 1.1 16.1
0 613.533 10 1.1 16.1
0 613.626 11 1.1 16.1
0 613.73 10 1.1 16.1
0 613.833 10 1.1 16.1
0 613.933 10 1.1 16.1
0 614.034 10 1.1 16.1
0 614.135 10 1.1 16.1
0 614.234 10 1.1 16.1
0 614.334 10 1.1 16.1
0 614.435 10 1.1 16.1
0 614.535 10 1.1 16.1
0 614.635 10 1.1 16.1
0 614.736 10 1.1 16.1
0 614.835 10 1.1 16.1
0 614.935 10 1.1 16.1
0 615.035 10 1.1 16.1
0 615.132 10 1.1 16.1
0 615.236 10 1.1 16.1
0 615.336 10 1.1 16.1
0 615.437 10 1.1 16.1
0 615.537 10 1.1 16.1
0 615.637 10 1.1 16.1
0 615.737 10 1.1 16.1
0 615.836 10 1.1 16.1
0 615.937 10 1.1 16.1
0 616.037 10 1.1 16.1
0 616.138 10 1.1 16.1
0 616.238 10 1.1 16.1
0 616.337 10 1.1 16.1
0 616.434 10 1.1 16.1
0 616.538 10 1.1 16.1
0 616.638 10 1.1 16.1
0 616.738 10 1.1 16.1
0 616.838 10 1.1 16.1
0 616.938 10 1.1 16.1
0 617.038 10 1.1 16.1
0 617.14 10 1.1 16.1
0 617.24 10 1.1 16.1
0 617.339 10 1.1 16.1
0 617.44 10 1.1 16.1
0 617.536 10 1.1 16.1
0 617.639 10 1.1 16.1
0 617.74 10 1.1 16.1
0 617.839 10 1.1 16.1
0 617.939 10 1.1 16.1
0 618.04 10 1.1 16.1
0 618.141 10 1.1 16.1
0 618.241 10 1.1 16.1
0 618.34 10 1.1 16.1
0 618.437 10 1.1 16.1
0 618.542 10 1.1 16.1
0 618.634 11 1.1 16.1
0 618.742 9 1.1 16.1
0 618.841 10 1.1 16.1
0 618.941 10 1.1 16.1
0 619.041 10 1.1 16.1
0 619.138 10 1.1 16.1
0 619.242 10 1.1 16.1
0 619.342 10 1.1 16.1
0 619.443 10 1.1 16.1
0 619.543 10 1.1 16.1
0 619.642 10 1.1 16.1
0 619.744 10 1.1 16.1
0 619.843 10 1.1 16.1
0 619.943 10 1.1 16.1
0 620.044 10 1.1 16.1
0 620.14 10 1.1 16.1
0 620.244 10 1.1 16.1
0 620.343 10 1.1 16.1
0 620.444 10 1.1 16.1
0 620.545 10 1.1 16.1
0 620.644 10 1.1 16.1
0 620.745 10 1.1 16.1
0 620.844 10 1.1 16.1
0 620.945 10 1.3 16.1
0 621.045 10 1.3 16.1
0 621.141 10 1.3 16.1
0 621.246 10 1.3 16.1
0 621.345 10 1.3 16.1
0 621.445 10 1.3 16.1
0 621.546 10 1.3 16.1
0 621.646 10 1.3 16.1
0 621.746 10 1.3 16.1
0 621.846 10 1.3 16.1
0 621.946 10 1.3 16.1
0 622.046 10 1.3 16.1
0 622.143 10 1.3 16.1
0 622.248 10 1.3 16.1
0 622.346 10 1.3 16.1
0 622.448 10 1.3 16.1
0 622.548 10 1.3 16.1
0 622.646 10 1.3 16.1
0 622.748 10 1.3 16.1
0 622.847 10 1.3 16.1
0 622.948 10 1.3 16.1
0 623.044 10 1.3 16.1
0 623.148 10 1.3 16.1
0 623.249 10 1.3 16.1
0 623.348 10 1.3 16.1
0 623.448 10 1.3 16.1
0 623.549 10 1.3 16.1
0 623.64 11 1.3 16.1
0 623.745 10 1.3 16.1
0 623.849 10 1.3 16.1
0 623.949 10 1.3 16.1
0 624.049 10 1.3 16.1
0 624.15 10 1.3 16.1
0 624.25 10 1.3 16.1
0 624.349 10 1.3 16.1
0 624.45 10 1.3 16.1
0 624.551 10 1.3 16.1
0 624.65 10 1.3 16.1
0 624.751 10 1.3 16.1
0 624.85 10 1.3 16.1
0 624.947 10 1.3 16.1
0 625.051 10 1.3 16.1
0 625.152 10 1.3 16.1
0 625.252 10 1.3 16.1
0 625.351 10 1.3 16.1
0 625.452 10 1.3 16.1
0 625.553 10 1.3 16.1
0 625.652 10 1.3 16.1
0 625.752 10 1.3 16.1
0 625.852 10 1.3 16.1
0 625.952 10 1.3 16.1
0 626.053 10 1.3 16.1
0 626.153 10 1.3 16.1
0 626.253 10 1.3 16.1
0 626.352 10 1.3 16.1
0 626.454 10 1.3 16.1
0 626.554 10 1.3 16.1
0 626.654 10 1.3 16.1
0 626.754 10 1.3 16.1
0 626.853 10 1.3 16.1
0 626.954 10 1.3 16.1
0 627.054 10 1.3 16.1
0 627.156 10 1.3 16.1
0 627.256 10 1.3 16.1
0 627.354 10 1.3 16.1
0 627.456 10 1.3 16.1
0 627.556 10 1.3 16.1
0 627.655 10 1.3 16.1
0 627.756 10 1.3 16.1
0 627.855 10 1.3 16.1
0 627.955 10 1.3 16.1
0 628.052 10 1.3 16.1
0 628.156 10 1.3 16.1
0 628.256 10 1.3 16.1
0 628.354 10 1.3 16.1
0 628.457 10 1.3 16.1
0 628.557 10 1.3 16.1
0 628.647 11 1.3 16.1
0 628.753 9 1.3 16.1
0 628.856 10 1.3 16.1
0 628.957 10 1.3 16.1
0 629.057 10 1.3 16.1
0 629.157 10 1.3 16.1
0 629.258 10 1.3 16.1
0 629.357 10 1.3 16.1
0 629.458 10 1.3 16.1
0 629.558 10 1.3 16.1
0 629.654 10 1.3 16.1
0 629.758 10 1.3 16.1
0 629.858 10 1.3 16.1
0 629.958 10 1.3 16.1
0 630.058 10 1.3 16.1
0 630.159 10 1.3 16.1
0 630.259 10 1.3 16.1
0 630.358 10 1.3 16.1
0 630.459 10 1.3 16.1
0 630.56 10 1.3 16.1
0 630.659 10 1.3 16.1
0 630.76 10 1.3 16.1
0 630.856 10 1.3 16.1
