ID TIME ETH
15 0.343 21
15 5.474 21
15 10.56 21
15 15.682 21
15 20.784 21
15 25.833 21
15 30.961 21
15 36.035 21
15 41.158 21
15 46.281 21
15 51.385 21
15 56.403 21
15 61.546 21
15 66.611 21
