ID TIME MB
13 0.502 146318
