ID TIME MB
1 0.503 146280
