ID TIME pos
4 1.208 [0, 0] [-0.43866817522955615, -0.37339935113522466] [[0, 0], [0, 0], [0, 0], [0, 0], [0, 0], [0, 0], [0, 0], [0, 0], [0, 0], [0, 0], [0, 0], [0, 0], [0, 0], [0, 0], [0, 0]]
4 6.314 [0, 0] [-0.43866817522955615, -0.37339935113522466] [[0, 0], [0, 0], [0, 0], [0, 0], [0, 0], [0, 0], [0, 0], [0, 0], [0, 0], [0, 0], [0, 0], [0.3338800000000002, -0.40985000000000005], [-0.2744899999999999, 0.4497399999999998], [0, 0], [-0.3294600000000001, 0.42402000000000006]]
4 11.322 [0, 0] [-0.43866817522955615, -0.37339935113522466] [[0, 0], [0, 0], [0, 0], [0, 0], [0, 0], [0, 0], [0, 0], [0, 0], [0, 0], [0, 0], [0, 0], [0.3338800000000002, -0.40985000000000005], [-0.2744899999999999, 0.4497399999999998], [0, 0], [-0.3294600000000001, 0.42402000000000006]]
4 16.33 [0, 0] [-0.43866817522955615, -0.37339935113522466] [[0, 0], [0, 0], [0, 0], [0, 0], [0, 0], [0, 0], [0, 0], [0, 0], [0, 0], [0, 0], [0, 0], [0.3338800000000002, -0.40985000000000005], [-0.2744899999999999, 0.4497399999999998], [0, 0], [-0.3294600000000001, 0.42402000000000006]]
4 21.338 [0, 0] [-0.43866817522955615, -0.37339935113522466] [[0, 0], [0, 0], [0, 0], [0, 0], [0, 0], [0, 0], [0, 0], [0, 0], [0, 0], [0, 0], [0, 0], [0.3338800000000002, -0.40985000000000005], [-0.2744899999999999, 0.4497399999999998], [0, 0], [-0.3294600000000001, 0.42402000000000006]]
4 26.345 [0, 0] [-0.43866817522955615, -0.37339935113522466] [[0, 0], [0, 0], [0, 0], [0, 0], [0, 0], [0, 0], [0, 0], [0, 0], [0, 0], [0, 0], [0, 0], [0.3338800000000002, -0.40985000000000005], [-0.2744899999999999, 0.4497399999999998], [0, 0], [-0.3294600000000001, 0.42402000000000006]]
4 31.352 [0, 0] [-0.43866817522955615, -0.37339935113522466] [[0, 0], [0, 0], [0, 0], [0, 0], [0, 0], [0, 0], [0, 0], [0, 0], [0, 0], [0, 0], [0, 0], [0.3338800000000002, -0.40985000000000005], [-0.2744899999999999, 0.4497399999999998], [0, 0], [-0.3294600000000001, 0.42402000000000006]]
4 36.36 [0, 0] [-0.43866817522955615, -0.37339935113522466] [[0, 0], [0, 0], [0, 0], [0, 0], [0, 0], [0, 0], [0, 0], [-0.6304000000000001, -0.2905199999999999], [0, 0], [0, 0], [0, 0], [0.3338800000000002, -0.40985000000000005], [-0.2744899999999999, 0.4497399999999998], [0, 0], [-0.3294600000000001, 0.42402000000000006]]
4 41.368 [0, 0] [-0.43866817522955615, -0.37339935113522466] [[0, 0], [0, 0], [0, 0], [0, 0], [0, 0], [0, 0], [0, 0], [-0.6304000000000001, -0.2905199999999999], [0, 0], [0, 0], [0, 0], [0.3338800000000002, -0.40985000000000005], [-0.2744899999999999, 0.4497399999999998], [0, 0], [-0.3294600000000001, 0.42402000000000006]]
4 46.375 [0, 0] [-0.43866817522955615, -0.37339935113522466] [[0, 0], [0, 0], [0, 0], [0, 0], [0, 0], [0, 0], [0, 0], [-0.6304000000000001, -0.2905199999999999], [0, 0], [0, 0], [0, 0], [0.3338800000000002, -0.40985000000000005], [-0.2744899999999999, 0.4497399999999998], [0, 0], [-0.3294600000000001, 0.42402000000000006]]
4 51.383 [0, 0] [-0.43866817522955615, -0.37339935113522466] [[0, 0], [0, 0], [0, 0], [0, 0], [0, 0], [0, 0], [0, 0], [-0.6304000000000001, -0.2905199999999999], [0, 0], [0, 0], [0, 0], [0.3338800000000002, -0.40985000000000005], [-0.2744899999999999, 0.4497399999999998], [0, 0], [-0.3294600000000001, 0.42402000000000006]]
4 56.39 [0, 0] [-0.43866817522955615, -0.37339935113522466] [[0, 0], [0, 0], [0, 0], [0, 0], [0, 0], [0, 0], [0, 0], [-0.6304000000000001, -0.2905199999999999], [0, 0], [0, 0], [0, 0], [0.3338800000000002, -0.40985000000000005], [-0.2744899999999999, 0.4497399999999998], [0, 0], [-0.3294600000000001, 0.42402000000000006]]
4 61.397 [0, 0] [-0.43866817522955615, -0.37339935113522466] [[0, 0], [0, 0], [0, 0], [0, 0], [0, 0], [0, 0], [0, 0], [-0.6304000000000001, -0.2905199999999999], [0, 0], [0, 0], [0, 0], [0.3338800000000002, -0.40985000000000005], [-0.2744899999999999, 0.4497399999999998], [0, 0], [-0.3294600000000001, 0.42402000000000006]]
4 66.405 [0, 0] [-0.43866817522955615, -0.37339935113522466] [[0, 0], [0, 0], [0, 0], [0, 0], [0, 0], [0, 0], [0, 0], [-0.6304000000000001, -0.2905199999999999], [0, 0], [0, 0], [0, 0], [0.3338800000000002, -0.40985000000000005], [-0.2744899999999999, 0.4497399999999998], [0, 0], [-0.3294600000000001, 0.42402000000000006]]
4 71.413 [0, 0] [-0.43866817522955615, -0.37339935113522466] [[0, 0], [0, 0], [0, 0], [0, 0], [0, 0], [0, 0], [0, 0], [-0.6304000000000001, -0.2905199999999999], [0, 0], [0, 0], [0, 0], [0.3338800000000002, -0.40985000000000005], [-0.2744899999999999, 0.4497399999999998], [0, 0], [-0.3294600000000001, 0.42402000000000006]]
4 76.42 [0, 0] [-0.43866817522955615, -0.37339935113522466] [[0, 0], [0, 0], [0, 0], [0, 0], [0, 0], [0, 0], [0, 0], [-0.6304000000000001, -0.2905199999999999], [0, 0], [0, 0], [0, 0], [0.3338800000000002, -0.40985000000000005], [-0.2744899999999999, 0.4497399999999998], [0, 0], [-0.3294600000000001, 0.42402000000000006]]
4 81.428 [0, 0] [-0.43866817522955615, -0.37339935113522466] [[0, 0], [0, 0], [0, 0], [0, 0], [0, 0], [0, 0], [0, 0], [-0.6304000000000001, -0.2905199999999999], [0, 0], [0, 0], [0, 0], [0.3338800000000002, -0.40985000000000005], [-0.2744899999999999, 0.4497399999999998], [0, 0], [-0.3294600000000001, 0.42402000000000006]]
4 86.435 [0, 0] [-0.43866817522955615, -0.37339935113522466] [[0, 0], [0, 0], [0, 0], [0, 0], [0, 0], [0, 0], [0, 0], [-0.6304000000000001, -0.2905199999999999], [0, 0], [0, 0], [0, 0], [0.3338800000000002, -0.40985000000000005], [-0.2744899999999999, 0.4497399999999998], [0, 0], [-0.3294600000000001, 0.42402000000000006]]
4 91.443 [0, 0] [-0.43866817522955615, -0.37339935113522466] [[0, 0], [0, 0], [0, 0], [0, 0], [0, 0], [0, 0], [0, 0], [-0.6304000000000001, -0.2905199999999999], [0, 0], [0, 0], [0, 0], [0.3338800000000002, -0.40985000000000005], [-0.2744899999999999, 0.4497399999999998], [0, 0], [-0.3294600000000001, 0.42402000000000006]]
4 96.451 [0, 0] [-0.43866817522955615, -0.37339935113522466] [[0, 0], [0, 0], [0, 0], [0, 0], [0, 0], [0, 0], [0, 0], [-0.6304000000000001, -0.2905199999999999], [0, 0], [0, 0], [0, 0], [0.3338800000000002, -0.40985000000000005], [-0.2744899999999999, 0.4497399999999998], [0, 0], [-0.3294600000000001, 0.42402000000000006]]
4 101.458 [0, 0] [-0.43866817522955615, -0.37339935113522466] [[0, 0], [0, 0], [0, 0], [0, 0], [0, 0], [0, 0], [0, 0], [-0.6304000000000001, -0.2905199999999999], [0, 0], [0, 0], [0, 0], [0.3338800000000002, -0.40985000000000005], [-0.2744899999999999, 0.4497399999999998], [0, 0], [-0.3294600000000001, 0.42402000000000006]]
4 106.465 [0, 0] [-0.43866817522955615, -0.37339935113522466] [[0, 0], [0, 0], [0, 0], [0, 0], [0, 0], [0, 0], [0, 0], [-0.6304000000000001, -0.2905199999999999], [0, 0], [0, 0], [0, 0], [0.3338800000000002, -0.40985000000000005], [-0.2744899999999999, 0.4497399999999998], [0.43482999999999983, 0.25764999999999993], [-0.3294600000000001, 0.42402000000000006]]
4 111.473 [0, 0] [-0.43866817522955615, -0.37339935113522466] [[0, 0], [0, 0], [0, 0], [0, 0], [0, 0], [0, 0], [0, 0], [-0.6304000000000001, -0.2905199999999999], [0, 0], [0, 0], [0, 0], [0.3338800000000002, -0.40985000000000005], [-0.2744899999999999, 0.4497399999999998], [0.43482999999999983, 0.25764999999999993], [-0.3294600000000001, 0.42402000000000006]]
4 116.481 [0, 0] [-0.43866817522955615, -0.37339935113522466] [[0, 0], [0, 0], [0, 0], [0, 0], [0, 0], [0, 0], [0, 0], [-0.6304000000000001, -0.2905199999999999], [0, 0], [0, 0], [0, 0], [0.3338800000000002, -0.40985000000000005], [-0.2744899999999999, 0.4497399999999998], [0.43482999999999983, 0.25764999999999993], [-0.3294600000000001, 0.42402000000000006]]
4 121.488 [0, 0] [-0.43866817522955615, -0.37339935113522466] [[0, 0], [0, 0], [0, 0], [0, 0], [0, 0], [0, 0], [0, 0], [-0.6304000000000001, -0.2905199999999999], [0, 0], [0, 0], [-0.03760000000000008, 0.16488000000000014], [0.3338800000000002, -0.40985000000000005], [-0.2744899999999999, 0.4497399999999998], [0.43482999999999983, 0.25764999999999993], [-0.3294600000000001, 0.42402000000000006]]
4 126.496 [0, 0] [-0.43866817522955615, -0.37339935113522466] [[0, 0], [0, 0], [0, 0], [0, 0], [0, 0], [0, 0], [0, 0], [0.04098999999999986, 0.1802299999999999], [0, 0], [0, 0], [-0.03760000000000008, 0.16488000000000014], [0.3338800000000002, -0.40985000000000005], [-0.2744899999999999, 0.4497399999999998], [0.43482999999999983, 0.25764999999999993], [-0.3294600000000001, 0.42402000000000006]]
4 131.504 [0, 0] [-0.43866817522955615, -0.37339935113522466] [[0, 0], [0, 0], [0, 0], [0, 0], [0, 0], [0, 0], [0, 0], [0.04098999999999986, 0.1802299999999999], [0, 0], [0, 0], [-0.03760000000000008, 0.16488000000000014], [0.3338800000000002, -0.40985000000000005], [-0.2744899999999999, 0.4497399999999998], [0.43482999999999983, 0.25764999999999993], [-0.3294600000000001, 0.42402000000000006]]
4 136.512 [0, 0] [-0.43866817522955615, -0.37339935113522466] [[0, 0], [0, 0], [0, 0], [0, 0], [0, 0], [0, 0], [0, 0], [0.04098999999999986, 0.1802299999999999], [0, 0], [0, 0], [-0.03760000000000008, 0.16488000000000014], [0.3338800000000002, -0.40985000000000005], [-0.2744899999999999, 0.4497399999999998], [0.43482999999999983, 0.25764999999999993], [-0.3294600000000001, 0.42402000000000006]]
4 141.52 [0, 0] [-0.43866817522955615, -0.37339935113522466] [[0, 0], [0, 0], [0, 0], [0, 0], [0, 0], [0, 0], [0, 0], [0.04098999999999986, 0.1802299999999999], [0, 0], [0, 0], [-0.03760000000000008, 0.16488000000000014], [0.3338800000000002, -0.40985000000000005], [-0.2744899999999999, 0.4497399999999998], [0.43482999999999983, 0.25764999999999993], [-0.3294600000000001, 0.42402000000000006]]
4 146.527 [0, 0] [-0.43866817522955615, -0.37339935113522466] [[0, 0], [0, 0], [0, 0], [0, 0], [0, 0], [-0.5151399999999999, -0.4064700000000001], [0, 0], [0.0022199999999998887, 0.17268000000000017], [0, 0], [0, 0], [-0.03760000000000008, 0.16488000000000014], [0.3338800000000002, -0.40985000000000005], [-0.2744899999999999, 0.4497399999999998], [0.43482999999999983, 0.25764999999999993], [-0.3294600000000001, 0.42402000000000006]]
4 151.534 [0, 0] [-0.43866817522955615, -0.37339935113522466] [[0, 0], [0, 0], [0, 0], [0, 0], [0, 0], [-0.5151399999999999, -0.4064700000000001], [0, 0], [0.0017399999999998528, 0.17259000000000002], [0, 0], [0, 0], [-0.03760000000000008, 0.16488000000000014], [0.3338800000000002, -0.40985000000000005], [-0.2744899999999999, 0.4497399999999998], [0.43482999999999983, 0.25764999999999993], [-0.3294600000000001, 0.42402000000000006]]
4 156.542 [0, 0] [-0.43866817522955615, -0.37339935113522466] [[0, 0], [0, 0], [0, 0], [0, 0], [0, 0], [-0.5151399999999999, -0.4064700000000001], [0, 0], [0.0017399999999998528, 0.17259000000000002], [0, 0], [0, 0], [-0.03760000000000008, 0.16488000000000014], [0.3338800000000002, -0.40985000000000005], [-0.2744899999999999, 0.4497399999999998], [0.43482999999999983, 0.25764999999999993], [-0.3294600000000001, 0.42402000000000006]]
4 161.55 [0, 0] [-0.43866817522955615, -0.37339935113522466] [[0, 0], [0, 0], [0, 0], [0, 0], [0, 0], [-0.5151399999999999, -0.4064700000000001], [0, 0], [0.0017399999999998528, 0.17259000000000002], [-0.49322, -0.4632400000000001], [0, 0], [-0.03760000000000008, 0.16488000000000014], [0.3338800000000002, -0.40985000000000005], [-0.2744899999999999, 0.4497399999999998], [0.43482999999999983, 0.25764999999999993], [-0.3294600000000001, 0.42402000000000006]]
4 166.557 [0, 0] [-0.43866817522955615, -0.37339935113522466] [[0, 0], [0, 0], [0, 0], [0, 0], [0, 0], [-0.5151399999999999, -0.4064700000000001], [0, 0], [0.0017399999999998528, 0.17259000000000002], [-0.49322, -0.4632400000000001], [0, 0], [-0.03760000000000008, 0.16488000000000014], [0.3338800000000002, -0.40985000000000005], [-0.2744899999999999, 0.4497399999999998], [0.43482999999999983, 0.25764999999999993], [-0.3294600000000001, 0.42402000000000006]]
4 171.564 [0, 0] [-0.43866817522955615, -0.37339935113522466] [[0, 0], [0, 0], [0, 0], [0, 0], [0, 0], [-0.5151399999999999, -0.4064700000000001], [0, 0], [0.0017399999999998528, 0.17259000000000002], [-0.49322, -0.4632400000000001], [0, 0], [-0.03760000000000008, 0.16488000000000014], [0.3338800000000002, -0.40985000000000005], [-0.2744899999999999, 0.4497399999999998], [0.43482999999999983, 0.25764999999999993], [-0.3294600000000001, 0.42402000000000006]]
4 176.572 [0, 0] [-0.43866817522955615, -0.37339935113522466] [[0, 0], [0, 0], [0, 0], [0, 0], [0, 0], [-0.5151399999999999, -0.4064700000000001], [0, 0], [0.0017299999999997873, 0.17259000000000002], [-0.49322, -0.4632400000000001], [0, 0], [-0.03760000000000008, 0.16488000000000014], [0.3338800000000002, -0.40985000000000005], [-0.2744899999999999, 0.4497399999999998], [0.43482999999999983, 0.25764999999999993], [-0.3294600000000001, 0.42402000000000006]]
4 181.579 [0, 0] [-0.43866817522955615, -0.37339935113522466] [[0.041080000000000005, 0.1802999999999999], [0, 0], [0, 0], [0, 0], [0, 0], [-0.1959599999999999, 0.07237999999999989], [0, 0], [0.0017299999999997873, 0.17259000000000002], [-0.49322, -0.4632400000000001], [0, 0], [-0.03760000000000008, 0.16488000000000014], [0.3338800000000002, -0.40985000000000005], [-0.2744899999999999, 0.4497399999999998], [0.43482999999999983, 0.25764999999999993], [-0.3294600000000001, 0.42402000000000006]]
4 186.587 [0, 0] [-0.43866817522955615, -0.37339935113522466] [[-0.04499999999999993, 0.15422000000000002], [0, 0], [0, 0], [0, 0], [0, 0], [-0.09189000000000003, 0.12494000000000005], [0, 0], [-0.01770000000000005, 0.16877999999999993], [-0.08112000000000008, 0.13122999999999996], [0, 0], [-0.03760000000000008, 0.16488000000000014], [0.3338800000000002, -0.40985000000000005], [-0.2744899999999999, 0.4497399999999998], [0.43482999999999983, 0.25764999999999993], [-0.3294600000000001, 0.42402000000000006]]
4 191.595 [0, 0] [-0.43866817522955615, -0.37339935113522466] [[-0.04017000000000004, 0.1573500000000001], [0, 0], [0, 0], [0, 0], [0, 0], [-0.05624999999999991, 0.14627999999999997], [0, 0], [-0.017940000000000067, 0.16873000000000005], [-0.05668999999999991, 0.14656000000000002], [0, 0], [-0.03760000000000008, 0.16488000000000014], [0.3338800000000002, -0.40985000000000005], [-0.2744899999999999, 0.4497399999999998], [0.43482999999999983, 0.25764999999999993], [-0.3294600000000001, 0.42402000000000006]]
4 196.602 [0, 0] [-0.43866817522955615, -0.37339935113522466] [[-0.04017000000000004, 0.1573500000000001], [0, 0], [0, 0], [0, 0], [0, 0], [-0.05624999999999991, 0.14627999999999997], [0, 0], [-0.017940000000000067, 0.16873000000000005], [-0.05668999999999991, 0.14656000000000002], [0, 0], [-0.03760000000000008, 0.16488000000000014], [0.3338800000000002, -0.40985000000000005], [-0.2744899999999999, 0.4497399999999998], [0.43482999999999983, 0.25764999999999993], [-0.3294600000000001, 0.42402000000000006]]
4 201.609 [0, 0] [-0.43866817522955615, -0.37339935113522466] [[-0.04017000000000004, 0.1573500000000001], [0, 0], [0, 0], [0, 0], [0, 0], [-0.05624999999999991, 0.14627999999999997], [0, 0], [-0.017940000000000067, 0.16873000000000005], [-0.05668999999999991, 0.14656000000000002], [0, 0], [-0.03760000000000008, 0.16488000000000014], [0.3338800000000002, -0.40985000000000005], [-0.2744899999999999, 0.4497399999999998], [0.43482999999999983, 0.25764999999999993], [-0.3294600000000001, 0.42402000000000006]]
4 206.617 [0, 0] [-0.43866817522955615, -0.37339935113522466] [[-0.04017000000000004, 0.1573500000000001], [0, 0], [0, 0], [0, 0], [0, 0], [-0.05624999999999991, 0.14627999999999997], [0, 0], [-0.017940000000000067, 0.16873000000000005], [-0.05668999999999991, 0.14656000000000002], [0, 0], [-0.03760000000000008, 0.16488000000000014], [0.3338800000000002, -0.40985000000000005], [-0.2744899999999999, 0.4497399999999998], [0.43482999999999983, 0.25764999999999993], [-0.3294600000000001, 0.42402000000000006]]
4 211.625 [0, 0] [-0.43866817522955615, -0.37339935113522466] [[-0.04017000000000004, 0.1573500000000001], [0, 0], [0, 0], [0, 0], [0, 0], [-0.05624999999999991, 0.14627999999999997], [0, 0], [-0.017940000000000067, 0.16873000000000005], [-0.05668999999999991, 0.14656000000000002], [0, 0], [-0.03760000000000008, 0.16488000000000014], [0.3338800000000002, -0.40985000000000005], [-0.2744899999999999, 0.4497399999999998], [0.43482999999999983, 0.25764999999999993], [-0.3294600000000001, 0.42402000000000006]]
4 216.633 [0, 0] [-0.43866817522955615, -0.37339935113522466] [[-0.04017000000000004, 0.1573500000000001], [0, 0], [0, 0], [0, 0], [0, 0], [-0.02550999999999992, 0.16452], [0, 0], [-0.017940000000000067, 0.16873000000000005], [-0.05668999999999991, 0.14656000000000002], [0, 0], [-0.03760000000000008, 0.16488000000000014], [0.3338800000000002, -0.40985000000000005], [-0.2744899999999999, 0.4497399999999998], [0.43482999999999983, 0.25764999999999993], [-0.3294600000000001, 0.42402000000000006]]
4 221.642 [0, 0] [-0.43866817522955615, -0.37339935113522466] [[-0.04268000000000005, 0.1585399999999999], [0, 0], [0, 0], [0, 0], [0, 0], [-0.025439999999999907, 0.16457999999999995], [0, 0], [-0.017940000000000067, 0.16873000000000005], [-0.05668999999999991, 0.14656000000000002], [0, 0], [-0.03760000000000008, 0.16488000000000014], [0.3338800000000002, -0.40985000000000005], [-0.2744899999999999, 0.4497399999999998], [0.43482999999999983, 0.25764999999999993], [-0.3294600000000001, 0.42402000000000006]]
4 226.651 [0, 0] [-0.43866817522955615, -0.37339935113522466] [[-0.04268000000000005, 0.1585399999999999], [0, 0], [0, 0], [0, 0], [0, 0], [-0.025439999999999907, 0.16457999999999995], [0, 0], [-0.017940000000000067, 0.16873000000000005], [-0.05668999999999991, 0.14656000000000002], [0, 0], [-0.03760000000000008, 0.16488000000000014], [0.3338800000000002, -0.40985000000000005], [-0.2744899999999999, 0.4497399999999998], [0.43482999999999983, 0.25764999999999993], [-0.3294600000000001, 0.42402000000000006]]
4 231.655 [0, 0] [-0.43866817522955615, -0.37339935113522466] [[-0.04268000000000005, 0.1585399999999999], [0, 0], [0, 0], [0, 0], [0, 0], [-0.025439999999999907, 0.16457999999999995], [0, 0], [-0.017940000000000067, 0.16873000000000005], [-0.05668999999999991, 0.14656000000000002], [0, 0], [-0.03760000000000008, 0.16488000000000014], [0.3338800000000002, -0.40985000000000005], [-0.2744899999999999, 0.4497399999999998], [0.43482999999999983, 0.25764999999999993], [-0.3294600000000001, 0.42402000000000006]]
4 236.662 [-0.030628849922839523, 0.1645118117283951] [-0.43866817522955615, -0.37339935113522466] [[-0.0383, 0.1607400000000001], [-0.032969999999999944, 0.16366000000000014], [0, 0], [0, 0], [0, 0], [-0.02639999999999998, 0.16455999999999982], [0, 0], [-0.017940000000000067, 0.16873000000000005], [-0.05668999999999991, 0.14656000000000002], [0, 0], [-0.03760000000000008, 0.16488000000000014], [0.3338800000000002, -0.40985000000000005], [-0.2744899999999999, 0.4497399999999998], [0.43482999999999983, 0.25764999999999993], [-0.3294600000000001, 0.42402000000000006]]
4 241.67 [-0.03183306440971234, 0.16424655501694044] [-0.43866817522955615, -0.37339935113522466] [[-0.0383, 0.1607400000000001], [-0.03344999999999998, 0.16362999999999994], [0, 0], [0, 0], [0, 0], [-0.0321800000000001, 0.1631800000000001], [0, 0], [-0.017940000000000067, 0.16873000000000005], [-0.05668999999999991, 0.14656000000000002], [0, 0], [-0.03760000000000008, 0.16488000000000014], [0.3338800000000002, -0.40985000000000005], [-0.2744899999999999, 0.4497399999999998], [0.43482999999999983, 0.25764999999999993], [-0.3294600000000001, 0.42402000000000006]]
4 246.677 [-0.0323506369681597, 0.16412430511252793] [-0.43866817522955615, -0.37339935113522466] [[-0.0383, 0.1607400000000001], [-0.03517999999999999, 0.16321999999999992], [0, 0], [0, 0], [0, 0], [-0.032869999999999955, 0.16301999999999994], [0, 0], [-0.017940000000000067, 0.16873000000000005], [-0.05668999999999991, 0.14656000000000002], [0, 0], [-0.03760000000000008, 0.16488000000000014], [0.3338800000000002, -0.40985000000000005], [-0.2744899999999999, 0.4497399999999998], [0.43482999999999983, 0.25764999999999993], [-0.3294600000000001, 0.42402000000000006]]
4 251.684 [-0.032447903888499025, 0.16410000569767402] [-0.43866817522955615, -0.37339935113522466] [[-0.0383, 0.1607400000000001], [-0.03532000000000002, 0.1631800000000001], [0, 0], [0, 0], [0, 0], [-0.03308, 0.16297000000000006], [0, 0], [-0.017940000000000067, 0.16873000000000005], [-0.05668999999999991, 0.14656000000000002], [0, 0], [-0.03760000000000008, 0.16488000000000014], [0.3338800000000002, -0.40985000000000005], [-0.2744899999999999, 0.4497399999999998], [0.43482999999999983, 0.25764999999999993], [-0.3294600000000001, 0.42402000000000006]]
4 256.692 [-0.03244799998764001, 0.1641000000007328] [-0.43866817522955615, -0.37339935113522466] [[-0.0383, 0.1607400000000001], [-0.03532000000000002, 0.1631800000000001], [0, 0], [0, 0], [0, 0], [-0.03308, 0.16297000000000006], [0, 0], [-0.017940000000000067, 0.16873000000000005], [-0.05668999999999991, 0.14656000000000002], [0, 0], [-0.03760000000000008, 0.16488000000000014], [0.3338800000000002, -0.40985000000000005], [-0.2744899999999999, 0.4497399999999998], [0.43482999999999983, 0.25764999999999993], [-0.3294600000000001, 0.42402000000000006]]
4 261.699 [-0.035861333333331746, 0.16256333333333353] [-0.43866817522955615, -0.37339935113522466] [[-0.0383, 0.1607400000000001], [-0.03532000000000002, 0.1631800000000001], [0, 0], [0, 0], [0, 0], [-0.03308, 0.16297000000000006], [0, 0], [-0.017940000000000067, 0.16873000000000005], [-0.0384199999999999, 0.15951000000000004], [0, 0], [-0.03760000000000008, 0.16488000000000014], [0.3338800000000002, -0.40985000000000005], [-0.2744899999999999, 0.4497399999999998], [0.43482999999999983, 0.25764999999999993], [-0.3294600000000001, 0.42402000000000006]]
4 266.707 [-0.03644390835048012, 0.16239999142661185] [-0.43866817522955615, -0.37339935113522466] [[-0.0383, 0.1607400000000001], [-0.03532000000000002, 0.1631800000000001], [0, 0], [0, 0], [0, 0], [-0.03308, 0.16297000000000006], [0, 0], [-0.017940000000000067, 0.16873000000000005], [-0.037919999999999954, 0.16022999999999987], [0, 0], [-0.03760000000000008, 0.16488000000000014], [0.3338800000000002, -0.40985000000000005], [-0.2744899999999999, 0.4497399999999998], [0.43482999999999983, 0.25764999999999993], [-0.3294600000000001, 0.42402000000000006]]
4 271.714 [-0.03644399998821381, 0.1623999999988975] [-0.43866817522955615, -0.37339935113522466] [[-0.0383, 0.1607400000000001], [-0.03532000000000002, 0.1631800000000001], [0, 0], [0, 0], [0, 0], [-0.03308, 0.16297000000000006], [0, 0], [-0.017940000000000067, 0.16873000000000005], [-0.037919999999999954, 0.16022999999999987], [0, 0], [-0.03760000000000008, 0.16488000000000014], [0.3338800000000002, -0.40985000000000005], [-0.2744899999999999, 0.4497399999999998], [0.43482999999999983, 0.25764999999999993], [-0.3294600000000001, 0.42402000000000006]]
4 276.722 [-0.0364439999999985, 0.1623999999999999] [-0.43866817522955615, -0.37339935113522466] [[-0.0383, 0.1607400000000001], [-0.03532000000000002, 0.1631800000000001], [0, 0], [0, 0], [0, 0], [-0.03308, 0.16297000000000006], [0, 0], [-0.017940000000000067, 0.16873000000000005], [-0.037919999999999954, 0.16022999999999987], [0, 0], [-0.03760000000000008, 0.16488000000000014], [0.3338800000000002, -0.40985000000000005], [-0.2744899999999999, 0.4497399999999998], [0.43482999999999983, 0.25764999999999993], [-0.3294600000000001, 0.42402000000000006]]
4 281.729 [-0.03644400000000001, 0.16240000000000007] [-0.43866817522955615, -0.37339935113522466] [[-0.0383, 0.1607400000000001], [-0.03532000000000002, 0.1631800000000001], [0, 0], [0, 0], [0, 0], [-0.03308, 0.16297000000000006], [0, 0], [-0.017940000000000067, 0.16873000000000005], [-0.037919999999999954, 0.16022999999999987], [0, 0], [-0.03760000000000008, 0.16488000000000014], [0.3338800000000002, -0.40985000000000005], [-0.2744899999999999, 0.4497399999999998], [0.43482999999999983, 0.25764999999999993], [-0.3294600000000001, 0.42402000000000006]]
4 286.736 [-0.03644400000000001, 0.16240000000000007] [-0.43866817522955615, -0.37339935113522466] [[-0.0383, 0.1607400000000001], [-0.03532000000000002, 0.1631800000000001], [0, 0], [0, 0], [0, 0], [-0.03308, 0.16297000000000006], [0, 0], [-0.017940000000000067, 0.16873000000000005], [-0.037919999999999954, 0.16022999999999987], [0, 0], [-0.03760000000000008, 0.16488000000000014], [0.3338800000000002, -0.40985000000000005], [-0.2744899999999999, 0.4497399999999998], [0.43482999999999983, 0.25764999999999993], [-0.3294600000000001, 0.42402000000000006]]
4 291.744 [-0.03644400000000001, 0.16240000000000007] [-0.43866817522955615, -0.37339935113522466] [[-0.0383, 0.1607400000000001], [-0.03532000000000002, 0.1631800000000001], [0, 0], [0, 0], [0, 0], [-0.03308, 0.16297000000000006], [0, 0], [-0.017940000000000067, 0.16873000000000005], [-0.037919999999999954, 0.16022999999999987], [0, 0], [-0.03760000000000008, 0.16488000000000014], [0.3338800000000002, -0.40985000000000005], [-0.2744899999999999, 0.4497399999999998], [0.43482999999999983, 0.25764999999999993], [-0.3294600000000001, 0.42402000000000006]]
4 296.751 [-0.03644400000000001, 0.16240000000000007] [-0.43866817522955615, -0.37339935113522466] [[-0.0383, 0.1607400000000001], [-0.03532000000000002, 0.1631800000000001], [0, 0], [0, 0], [0, 0], [-0.03308, 0.16297000000000006], [0, 0], [-0.017940000000000067, 0.16873000000000005], [-0.037919999999999954, 0.16022999999999987], [0, 0], [-0.03760000000000008, 0.16488000000000014], [0.3338800000000002, -0.40985000000000005], [-0.2744899999999999, 0.4497399999999998], [0.43482999999999983, 0.25764999999999993], [-0.3294600000000001, 0.42402000000000006]]
4 301.758 [-0.03742039660493827, 0.16198961419753088] [-0.43866817522955615, -0.37339935113522466] [[-0.0383, 0.1607400000000001], [-0.03532000000000002, 0.1631800000000001], [0, 0], [0, 0], [0, 0], [-0.0379799999999999, 0.1609099999999999], [0, 0], [-0.017940000000000067, 0.16873000000000005], [-0.037919999999999954, 0.16022999999999987], [0, 0], [-0.03760000000000008, 0.16488000000000014], [0.3338800000000002, -0.40985000000000005], [-0.2744899999999999, 0.4497399999999998], [0.43482999999999983, 0.25764999999999993], [-0.3294600000000001, 0.42402000000000006]]
4 306.766 [-0.03742599927939879, 0.16198800020758716] [-0.43866817522955615, -0.37339935113522466] [[-0.0383, 0.1607400000000001], [-0.03532000000000002, 0.1631800000000001], [0, 0], [0, 0], [0, 0], [-0.03798999999999997, 0.1609099999999999], [0, 0], [-0.017940000000000067, 0.16873000000000005], [-0.037919999999999954, 0.16022999999999987], [0, 0], [-0.03760000000000008, 0.16488000000000014], [0.3338800000000002, -0.40985000000000005], [-0.2744899999999999, 0.4497399999999998], [0.43482999999999983, 0.25764999999999993], [-0.3294600000000001, 0.42402000000000006]]
4 311.773 [-0.03742599999990733, 0.16198800000002672] [-0.43866817522955615, -0.37339935113522466] [[-0.0383, 0.1607400000000001], [-0.03532000000000002, 0.1631800000000001], [0, 0], [0, 0], [0, 0], [-0.03798999999999997, 0.1609099999999999], [0, 0], [-0.017940000000000067, 0.16873000000000005], [-0.037919999999999954, 0.16022999999999987], [0, 0], [-0.03760000000000008, 0.16488000000000014], [0.3338800000000002, -0.40985000000000005], [-0.2744899999999999, 0.4497399999999998], [0.43482999999999983, 0.25764999999999993], [-0.3294600000000001, 0.42402000000000006]]
4 316.78 [-0.037425999999999994, 0.16198800000000002] [-0.43866817522955615, -0.37339935113522466] [[-0.0383, 0.1607400000000001], [-0.03532000000000002, 0.1631800000000001], [0, 0], [0, 0], [0, 0], [-0.03798999999999997, 0.1609099999999999], [0, 0], [-0.017940000000000067, 0.16873000000000005], [-0.037919999999999954, 0.16022999999999987], [0, 0], [-0.03760000000000008, 0.16488000000000014], [0.3338800000000002, -0.40985000000000005], [-0.2744899999999999, 0.4497399999999998], [0.43482999999999983, 0.25764999999999993], [-0.3294600000000001, 0.42402000000000006]]
4 321.788 [-0.03742600000000001, 0.16198800000000002] [-0.43866817522955615, -0.37339935113522466] [[-0.0383, 0.1607400000000001], [-0.03532000000000002, 0.1631800000000001], [0, 0], [0, 0], [0, 0], [-0.03798999999999997, 0.1609099999999999], [0, 0], [-0.017940000000000067, 0.16873000000000005], [-0.037919999999999954, 0.16022999999999987], [0, 0], [-0.03760000000000008, 0.16488000000000014], [0.3338800000000002, -0.40985000000000005], [-0.2744899999999999, 0.4497399999999998], [0.43482999999999983, 0.25764999999999993], [-0.3294600000000001, 0.42402000000000006]]
4 326.796 [-0.03742600000000001, 0.16198800000000002] [-0.43866817522955615, -0.37339935113522466] [[-0.0383, 0.1607400000000001], [-0.03532000000000002, 0.1631800000000001], [0, 0], [0, 0], [0, 0], [-0.03798999999999997, 0.1609099999999999], [0, 0], [-0.017940000000000067, 0.16873000000000005], [-0.037919999999999954, 0.16022999999999987], [0, 0], [-0.03760000000000008, 0.16488000000000014], [0.3338800000000002, -0.40985000000000005], [-0.2744899999999999, 0.4497399999999998], [0.43482999999999983, 0.25764999999999993], [-0.3294600000000001, 0.42402000000000006]]
4 331.803 [-0.03742600000000001, 0.16198800000000002] [-0.43866817522955615, -0.37339935113522466] [[-0.0383, 0.1607400000000001], [-0.03532000000000002, 0.1631800000000001], [0, 0], [0, 0], [0, 0], [-0.03798999999999997, 0.1609099999999999], [0, 0], [-0.017940000000000067, 0.16873000000000005], [-0.037919999999999954, 0.16022999999999987], [0, 0], [-0.03760000000000008, 0.16488000000000014], [0.3338800000000002, -0.40985000000000005], [-0.2744899999999999, 0.4497399999999998], [0.43482999999999983, 0.25764999999999993], [-0.3294600000000001, 0.42402000000000006]]
4 336.811 [-0.03742600000000001, 0.16198800000000002] [-0.43866817522955615, -0.37339935113522466] [[-0.0383, 0.1607400000000001], [-0.03532000000000002, 0.1631800000000001], [0, 0], [0, 0], [0, 0], [-0.03798999999999997, 0.1609099999999999], [0, 0], [-0.017940000000000067, 0.16873000000000005], [-0.037919999999999954, 0.16022999999999987], [0, 0], [-0.03760000000000008, 0.16488000000000014], [0.3338800000000002, -0.40985000000000005], [-0.2744899999999999, 0.4497399999999998], [0.43482999999999983, 0.25764999999999993], [-0.3294600000000001, 0.42402000000000006]]
4 341.818 [-0.037071000000000014, 0.16214800000000004] [-0.43866817522955615, -0.37339935113522466] [[-0.036170000000000035, 0.16170000000000018], [-0.03532000000000002, 0.1631800000000001], [0, 0], [0, 0], [0, 0], [-0.03798999999999997, 0.1609099999999999], [0, 0], [-0.017940000000000067, 0.16873000000000005], [-0.037919999999999954, 0.16022999999999987], [0, 0], [-0.03760000000000008, 0.16488000000000014], [0.3338800000000002, -0.40985000000000005], [-0.2744899999999999, 0.4497399999999998], [0.43482999999999983, 0.25764999999999993], [-0.3294600000000001, 0.42402000000000006]]
4 346.825 [-0.037263990612139926, 0.1618282263374485] [-0.43866817522955615, -0.37339935113522466] [[-0.03628999999999993, 0.16164999999999985], [-0.03652000000000011, 0.16147], [0, 0], [0, 0], [0, 0], [-0.03798999999999997, 0.1609099999999999], [0, 0], [-0.017940000000000067, 0.16873000000000005], [-0.037919999999999954, 0.16022999999999987], [0, 0], [-0.03760000000000008, 0.16488000000000014], [0.3338800000000002, -0.40985000000000005], [-0.2744899999999999, 0.4497399999999998], [0.43482999999999983, 0.25764999999999993], [-0.3294600000000001, 0.42402000000000006]]
4 351.832 [-0.03726399999879272, 0.16182800002910713] [-0.43866817522955615, -0.37339935113522466] [[-0.03628999999999993, 0.16164999999999985], [-0.03652000000000011, 0.16147], [0, 0], [0, 0], [0, 0], [-0.03798999999999997, 0.1609099999999999], [0, 0], [-0.017940000000000067, 0.16873000000000005], [-0.037919999999999954, 0.16022999999999987], [0, 0], [-0.03760000000000008, 0.16488000000000014], [0.3338800000000002, -0.40985000000000005], [-0.2744899999999999, 0.4497399999999998], [0.43482999999999983, 0.25764999999999993], [-0.3294600000000001, 0.42402000000000006]]
4 356.839 [-0.03690161516034977, 0.16193964431487112] [-0.43866817522955615, -0.37339935113522466] [[-0.03628999999999993, 0.16164999999999985], [-0.03647, 0.16148000000000007], [0, 0], [0, 0], [0, 0], [-0.03798999999999997, 0.1609099999999999], [0, 0], [-0.017940000000000067, 0.16873000000000005], [-0.037919999999999954, 0.16022999999999987], [-0.035130000000000106, 0.16249000000000002], [-0.03760000000000008, 0.16488000000000014], [0.3338800000000002, -0.40985000000000005], [-0.2744899999999999, 0.4497399999999998], [0.43482999999999983, 0.25764999999999993], [-0.3294600000000001, 0.42402000000000006]]
4 361.847 [-0.03690000009610046, 0.16193999997883707] [-0.43866817522955615, -0.37339935113522466] [[-0.03628999999999993, 0.16164999999999985], [-0.03647, 0.16148000000000007], [0, 0], [0, 0], [0, 0], [-0.03798999999999997, 0.1609099999999999], [0, 0], [-0.017940000000000067, 0.16873000000000005], [-0.037919999999999954, 0.16022999999999987], [-0.035130000000000106, 0.16249000000000002], [-0.03760000000000008, 0.16488000000000014], [0.3338800000000002, -0.40985000000000005], [-0.2744899999999999, 0.4497399999999998], [0.43482999999999983, 0.25764999999999993], [-0.3294600000000001, 0.42402000000000006]]
4 366.853 [-0.03690000000000572, 0.1619399999999987] [-0.43866817522955615, -0.37339935113522466] [[-0.03628999999999993, 0.16164999999999985], [-0.03647, 0.16148000000000007], [0, 0], [0, 0], [0, 0], [-0.03798999999999997, 0.1609099999999999], [0, 0], [-0.017940000000000067, 0.16873000000000005], [-0.037919999999999954, 0.16022999999999987], [-0.035130000000000106, 0.16249000000000002], [-0.03760000000000008, 0.16488000000000014], [0.3338800000000002, -0.40985000000000005], [-0.2744899999999999, 0.4497399999999998], [0.43482999999999983, 0.25764999999999993], [-0.3294600000000001, 0.42402000000000006]]
4 371.861 [-0.0369, 0.16193999999999997] [-0.43866817522955615, -0.37339935113522466] [[-0.03628999999999993, 0.16164999999999985], [-0.03647, 0.16148000000000007], [0, 0], [0, 0], [0, 0], [-0.03798999999999997, 0.1609099999999999], [0, 0], [-0.017940000000000067, 0.16873000000000005], [-0.037919999999999954, 0.16022999999999987], [-0.035130000000000106, 0.16249000000000002], [-0.03760000000000008, 0.16488000000000014], [0.3338800000000002, -0.40985000000000005], [-0.2744899999999999, 0.4497399999999998], [0.43482999999999983, 0.25764999999999993], [-0.3294600000000001, 0.42402000000000006]]
4 376.868 [-0.03652653061224491, 0.1620769387755102] [-0.43866817522955615, -0.37339935113522466] [[-0.03628999999999993, 0.16164999999999985], [-0.03647, 0.16148000000000007], [0, 0], [0, 0], [0, 0], [-0.03569, 0.16175000000000006], [0, 0], [-0.017940000000000067, 0.16873000000000005], [-0.037919999999999954, 0.16022999999999987], [-0.035130000000000106, 0.16249000000000002], [-0.03760000000000008, 0.16488000000000014], [0.3338800000000002, -0.40985000000000005], [-0.2744899999999999, 0.4497399999999998], [0.43482999999999983, 0.25764999999999993], [-0.3294600000000001, 0.42402000000000006]]
4 381.875 [-0.03651166755105685, 0.16207999981786014] [-0.43866817522955615, -0.37339935113522466] [[-0.03628999999999993, 0.16164999999999985], [-0.03647, 0.16148000000000007], [0, 0], [0, 0], [0, 0], [-0.035660000000000025, 0.16175000000000006], [0, 0], [-0.017940000000000067, 0.16873000000000005], [-0.037919999999999954, 0.16022999999999987], [-0.035130000000000106, 0.16249000000000002], [-0.03760000000000008, 0.16488000000000014], [0.3338800000000002, -0.40985000000000005], [-0.2744899999999999, 0.4497399999999998], [0.43482999999999983, 0.25764999999999993], [-0.3294600000000001, 0.42402000000000006]]
4 386.883 [-0.0365116666667193, 0.16207999999998915] [-0.43866817522955615, -0.37339935113522466] [[-0.03628999999999993, 0.16164999999999985], [-0.03647, 0.16148000000000007], [0, 0], [0, 0], [0, 0], [-0.035660000000000025, 0.16175000000000006], [0, 0], [-0.017940000000000067, 0.16873000000000005], [-0.037919999999999954, 0.16022999999999987], [-0.035130000000000106, 0.16249000000000002], [-0.03760000000000008, 0.16488000000000014], [0.3338800000000002, -0.40985000000000005], [-0.2744899999999999, 0.4497399999999998], [0.43482999999999983, 0.25764999999999993], [-0.3294600000000001, 0.42402000000000006]]
4 391.89 [-0.036511666666666685, 0.16208] [-0.43866817522955615, -0.37339935113522466] [[-0.03628999999999993, 0.16164999999999985], [-0.03647, 0.16148000000000007], [0, 0], [0, 0], [0, 0], [-0.035660000000000025, 0.16175000000000006], [0, 0], [-0.017940000000000067, 0.16873000000000005], [-0.037919999999999954, 0.16022999999999987], [-0.035130000000000106, 0.16249000000000002], [-0.03760000000000008, 0.16488000000000014], [0.3338800000000002, -0.40985000000000005], [-0.2744899999999999, 0.4497399999999998], [0.43482999999999983, 0.25764999999999993], [-0.3294600000000001, 0.42402000000000006]]
4 396.898 [-0.03651166666666668, 0.16208] [-0.43866817522955615, -0.37339935113522466] [[-0.03628999999999993, 0.16164999999999985], [-0.03647, 0.16148000000000007], [0, 0], [0, 0], [0, 0], [-0.035660000000000025, 0.16175000000000006], [0, 0], [-0.017940000000000067, 0.16873000000000005], [-0.037919999999999954, 0.16022999999999987], [-0.035130000000000106, 0.16249000000000002], [-0.03760000000000008, 0.16488000000000014], [0.3338800000000002, -0.40985000000000005], [-0.2744899999999999, 0.4497399999999998], [0.43482999999999983, 0.25764999999999993], [-0.3294600000000001, 0.42402000000000006]]
4 401.906 [-0.03651166666666668, 0.16208] [-0.43866817522955615, -0.37339935113522466] [[-0.03628999999999993, 0.16164999999999985], [-0.03647, 0.16148000000000007], [0, 0], [0, 0], [0, 0], [-0.035660000000000025, 0.16175000000000006], [0, 0], [-0.017940000000000067, 0.16873000000000005], [-0.037919999999999954, 0.16022999999999987], [-0.035130000000000106, 0.16249000000000002], [-0.03760000000000008, 0.16488000000000014], [0.3338800000000002, -0.40985000000000005], [-0.2744899999999999, 0.4497399999999998], [0.43482999999999983, 0.25764999999999993], [-0.3294600000000001, 0.42402000000000006]]
4 406.912 [-0.03651166666666668, 0.16208] [-0.43866817522955615, -0.37339935113522466] [[-0.03628999999999993, 0.16164999999999985], [-0.03647, 0.16148000000000007], [0, 0], [0, 0], [0, 0], [-0.035660000000000025, 0.16175000000000006], [0, 0], [-0.017940000000000067, 0.16873000000000005], [-0.037919999999999954, 0.16022999999999987], [-0.035130000000000106, 0.16249000000000002], [-0.03760000000000008, 0.16488000000000014], [0.3338800000000002, -0.40985000000000005], [-0.2744899999999999, 0.4497399999999998], [0.43482999999999983, 0.25764999999999993], [-0.3294600000000001, 0.42402000000000006]]
4 411.92 [-0.03651166666666668, 0.16208] [-0.43866817522955615, -0.37339935113522466] [[-0.03628999999999993, 0.16164999999999985], [-0.03647, 0.16148000000000007], [0, 0], [0, 0], [0, 0], [-0.035660000000000025, 0.16175000000000006], [0, 0], [-0.017940000000000067, 0.16873000000000005], [-0.037919999999999954, 0.16022999999999987], [-0.035130000000000106, 0.16249000000000002], [-0.03760000000000008, 0.16488000000000014], [0.3338800000000002, -0.40985000000000005], [-0.2744899999999999, 0.4497399999999998], [0.43482999999999983, 0.25764999999999993], [-0.3294600000000001, 0.42402000000000006]]
4 416.928 [-0.03651166666666668, 0.16208] [-0.43866817522955615, -0.37339935113522466] [[-0.03628999999999993, 0.16164999999999985], [-0.03647, 0.16148000000000007], [0, 0], [0, 0], [0, 0], [-0.035660000000000025, 0.16175000000000006], [0, 0], [-0.017940000000000067, 0.16873000000000005], [-0.037919999999999954, 0.16022999999999987], [-0.035130000000000106, 0.16249000000000002], [-0.03760000000000008, 0.16488000000000014], [0.3338800000000002, -0.40985000000000005], [-0.2744899999999999, 0.4497399999999998], [0.43482999999999983, 0.25764999999999993], [-0.3294600000000001, 0.42402000000000006]]
4 421.935 [-0.03649064625850342, 0.16208816326530612] [-0.43866817522955615, -0.37339935113522466] [[-0.03628999999999993, 0.16164999999999985], [-0.03634000000000004, 0.16152999999999995], [0, 0], [0, 0], [0, 0], [-0.035660000000000025, 0.16175000000000006], [0, 0], [-0.017940000000000067, 0.16873000000000005], [-0.037919999999999954, 0.16022999999999987], [-0.035130000000000106, 0.16249000000000002], [-0.03760000000000008, 0.16488000000000014], [0.3338800000000002, -0.40985000000000005], [-0.2744899999999999, 0.4497399999999998], [0.43482999999999983, 0.25764999999999993], [-0.3294600000000001, 0.42402000000000006]]
4 426.942 [-0.036404316432009684, 0.16204571939426277] [-0.43866817522955615, -0.37339935113522466] [[-0.03628999999999993, 0.16164999999999985], [-0.03632999999999997, 0.16152999999999995], [-0.03590000000000004, 0.16178999999999988], [0, 0], [0, 0], [-0.035660000000000025, 0.16175000000000006], [0, 0], [-0.017940000000000067, 0.16873000000000005], [-0.037919999999999954, 0.16022999999999987], [-0.035130000000000106, 0.16249000000000002], [-0.03760000000000008, 0.16488000000000014], [0.3338800000000002, -0.40985000000000005], [-0.2744899999999999, 0.4497399999999998], [0.43482999999999983, 0.25764999999999993], [-0.3294600000000001, 0.42402000000000006]]
4 431.949 [-0.03640428571522316, 0.16204571428587017] [-0.43866817522955615, -0.37339935113522466] [[-0.03628999999999993, 0.16164999999999985], [-0.03632999999999997, 0.16152999999999995], [-0.03590000000000004, 0.16178999999999988], [0, 0], [0, 0], [-0.035660000000000025, 0.16175000000000006], [0, 0], [-0.017940000000000067, 0.16873000000000005], [-0.037919999999999954, 0.16022999999999987], [-0.035130000000000106, 0.16249000000000002], [-0.03760000000000008, 0.16488000000000014], [0.3338800000000002, -0.40985000000000005], [-0.2744899999999999, 0.4497399999999998], [0.43482999999999983, 0.25764999999999993], [-0.3294600000000001, 0.42402000000000006]]
4 436.956 [-0.03640428571428576, 0.16204571428571427] [-0.43866817522955615, -0.37339935113522466] [[-0.03628999999999993, 0.16164999999999985], [-0.03632999999999997, 0.16152999999999995], [-0.03590000000000004, 0.16178999999999988], [0, 0], [0, 0], [-0.035660000000000025, 0.16175000000000006], [0, 0], [-0.017940000000000067, 0.16873000000000005], [-0.037919999999999954, 0.16022999999999987], [-0.035130000000000106, 0.16249000000000002], [-0.03760000000000008, 0.16488000000000014], [0.3338800000000002, -0.40985000000000005], [-0.2744899999999999, 0.4497399999999998], [0.43482999999999983, 0.25764999999999993], [-0.3294600000000001, 0.42402000000000006]]
4 441.964 [-0.036424285103934174, 0.162034286063058] [-0.43866817522955615, -0.37339935113522466] [[-0.03628999999999993, 0.16164999999999985], [-0.03647, 0.16144999999999987], [-0.03590000000000004, 0.16178999999999988], [0, 0], [0, 0], [-0.035660000000000025, 0.16175000000000006], [0, 0], [-0.017940000000000067, 0.16873000000000005], [-0.037919999999999954, 0.16022999999999987], [-0.035130000000000106, 0.16249000000000002], [-0.03760000000000008, 0.16488000000000014], [0.3338800000000002, -0.40985000000000005], [-0.2744899999999999, 0.4497399999999998], [0.43482999999999983, 0.25764999999999993], [-0.3294600000000001, 0.42402000000000006]]
4 446.971 [-0.036424285714267104, 0.16203428571429632] [-0.43866817522955615, -0.37339935113522466] [[-0.03628999999999993, 0.16164999999999985], [-0.03647, 0.16144999999999987], [-0.03590000000000004, 0.16178999999999988], [0, 0], [0, 0], [-0.035660000000000025, 0.16175000000000006], [0, 0], [-0.017940000000000067, 0.16873000000000005], [-0.037919999999999954, 0.16022999999999987], [-0.035130000000000106, 0.16249000000000002], [-0.03760000000000008, 0.16488000000000014], [0.3338800000000002, -0.40985000000000005], [-0.2744899999999999, 0.4497399999999998], [0.43482999999999983, 0.25764999999999993], [-0.3294600000000001, 0.42402000000000006]]
4 451.979 [-0.036424285714285735, 0.1620342857142857] [-0.43866817522955615, -0.37339935113522466] [[-0.03628999999999993, 0.16164999999999985], [-0.03647, 0.16144999999999987], [-0.03590000000000004, 0.16178999999999988], [0, 0], [0, 0], [-0.035660000000000025, 0.16175000000000006], [0, 0], [-0.017940000000000067, 0.16873000000000005], [-0.037919999999999954, 0.16022999999999987], [-0.035130000000000106, 0.16249000000000002], [-0.03760000000000008, 0.16488000000000014], [0.3338800000000002, -0.40985000000000005], [-0.2744899999999999, 0.4497399999999998], [0.43482999999999983, 0.25764999999999993], [-0.3294600000000001, 0.42402000000000006]]
4 456.987 [-0.036424285714285735, 0.1620342857142857] [-0.43866817522955615, -0.37339935113522466] [[-0.03628999999999993, 0.16164999999999985], [-0.03647, 0.16144999999999987], [-0.03590000000000004, 0.16178999999999988], [0, 0], [0, 0], [-0.035660000000000025, 0.16175000000000006], [0, 0], [-0.017940000000000067, 0.16873000000000005], [-0.037919999999999954, 0.16022999999999987], [-0.035130000000000106, 0.16249000000000002], [-0.03760000000000008, 0.16488000000000014], [0.3338800000000002, -0.40985000000000005], [-0.2744899999999999, 0.4497399999999998], [0.43482999999999983, 0.25764999999999993], [-0.3294600000000001, 0.42402000000000006]]
4 461.995 [-0.036424285714285735, 0.1620342857142857] [-0.43866817522955615, -0.37339935113522466] [[-0.03628999999999993, 0.16164999999999985], [-0.03647, 0.16144999999999987], [-0.03590000000000004, 0.16178999999999988], [0, 0], [0, 0], [-0.035660000000000025, 0.16175000000000006], [0, 0], [-0.017940000000000067, 0.16873000000000005], [-0.037919999999999954, 0.16022999999999987], [-0.035130000000000106, 0.16249000000000002], [-0.03760000000000008, 0.16488000000000014], [0.3338800000000002, -0.40985000000000005], [-0.2744899999999999, 0.4497399999999998], [0.43482999999999983, 0.25764999999999993], [-0.3294600000000001, 0.42402000000000006]]
4 467.003 [-0.036424285714285735, 0.1620342857142857] [-0.43866817522955615, -0.37339935113522466] [[-0.03628999999999993, 0.16164999999999985], [-0.03647, 0.16144999999999987], [-0.03590000000000004, 0.16178999999999988], [0, 0], [0, 0], [-0.035660000000000025, 0.16175000000000006], [0, 0], [-0.017940000000000067, 0.16873000000000005], [-0.037919999999999954, 0.16022999999999987], [-0.035130000000000106, 0.16249000000000002], [-0.03760000000000008, 0.16488000000000014], [0.3338800000000002, -0.40985000000000005], [-0.2744899999999999, 0.4497399999999998], [0.43482999999999983, 0.25764999999999993], [-0.3294600000000001, 0.42402000000000006]]
4 472.01 [-0.036424285714285735, 0.1620342857142857] [-0.43866817522955615, -0.37339935113522466] [[-0.03628999999999993, 0.16164999999999985], [-0.03647, 0.16144999999999987], [-0.03590000000000004, 0.16178999999999988], [0, 0], [0, 0], [-0.035660000000000025, 0.16175000000000006], [0, 0], [-0.017940000000000067, 0.16873000000000005], [-0.037919999999999954, 0.16022999999999987], [-0.035130000000000106, 0.16249000000000002], [-0.03760000000000008, 0.16488000000000014], [0.3338800000000002, -0.40985000000000005], [-0.2744899999999999, 0.4497399999999998], [0.43482999999999983, 0.25764999999999993], [-0.3294600000000001, 0.42402000000000006]]
4 477.018 [-0.03638209821428574, 0.16205256696428566] [-0.43866817522955615, -0.37339935113522466] [[-0.03628999999999993, 0.16164999999999985], [-0.03647, 0.16144999999999987], [-0.035600000000000076, 0.16191999999999984], [0, 0], [0, 0], [-0.035660000000000025, 0.16175000000000006], [0, 0], [-0.017940000000000067, 0.16873000000000005], [-0.037919999999999954, 0.16022999999999987], [-0.035130000000000106, 0.16249000000000002], [-0.03760000000000008, 0.16488000000000014], [0.3338800000000002, -0.40985000000000005], [-0.2744899999999999, 0.4497399999999998], [0.43482999999999983, 0.25764999999999993], [-0.3294600000000001, 0.42402000000000006]]
4 482.026 [-0.036343459841864476, 0.16207113838400156] [-0.43866817522955615, -0.37339935113522466] [[-0.03601999999999994, 0.1617799999999998], [-0.03647, 0.16144999999999987], [-0.035600000000000076, 0.16191999999999984], [0, 0], [0, 0], [-0.035660000000000025, 0.16175000000000006], [0, 0], [-0.017940000000000067, 0.16873000000000005], [-0.037919999999999954, 0.16022999999999987], [-0.035130000000000106, 0.16249000000000002], [-0.03760000000000008, 0.16488000000000014], [0.3338800000000002, -0.40985000000000005], [-0.2744899999999999, 0.4497399999999998], [0.43482999999999983, 0.25764999999999993], [-0.3294600000000001, 0.42402000000000006]]
4 487.033 [-0.03634285716125008, 0.1620714285625727] [-0.43866817522955615, -0.37339935113522466] [[-0.03601999999999994, 0.1617799999999998], [-0.03647, 0.16144999999999987], [-0.035600000000000076, 0.16191999999999984], [0, 0], [0, 0], [-0.035660000000000025, 0.16175000000000006], [0, 0], [-0.017940000000000067, 0.16873000000000005], [-0.037919999999999954, 0.16022999999999987], [-0.035130000000000106, 0.16249000000000002], [-0.03760000000000008, 0.16488000000000014], [0.3338800000000002, -0.40985000000000005], [-0.2744899999999999, 0.4497399999999998], [0.43482999999999983, 0.25764999999999993], [-0.3294600000000001, 0.42402000000000006]]
4 492.041 [-0.03634285714285773, 0.16207142857142826] [-0.43866817522955615, -0.37339935113522466] [[-0.03601999999999994, 0.1617799999999998], [-0.03647, 0.16144999999999987], [-0.035600000000000076, 0.16191999999999984], [0, 0], [0, 0], [-0.035660000000000025, 0.16175000000000006], [0, 0], [-0.017940000000000067, 0.16873000000000005], [-0.037919999999999954, 0.16022999999999987], [-0.035130000000000106, 0.16249000000000002], [-0.03760000000000008, 0.16488000000000014], [0.3338800000000002, -0.40985000000000005], [-0.2744899999999999, 0.4497399999999998], [0.43482999999999983, 0.25764999999999993], [-0.3294600000000001, 0.42402000000000006]]
4 497.049 [-0.03634285714285717, 0.1620714285714285] [-0.43866817522955615, -0.37339935113522466] [[-0.03601999999999994, 0.1617799999999998], [-0.03647, 0.16144999999999987], [-0.035600000000000076, 0.16191999999999984], [0, 0], [0, 0], [-0.035660000000000025, 0.16175000000000006], [0, 0], [-0.017940000000000067, 0.16873000000000005], [-0.037919999999999954, 0.16022999999999987], [-0.035130000000000106, 0.16249000000000002], [-0.03760000000000008, 0.16488000000000014], [0.3338800000000002, -0.40985000000000005], [-0.2744899999999999, 0.4497399999999998], [0.43482999999999983, 0.25764999999999993], [-0.3294600000000001, 0.42402000000000006]]
4 502.057 [-0.03634285714285717, 0.1620714285714285] [-0.43866817522955615, -0.37339935113522466] [[-0.03601999999999994, 0.1617799999999998], [-0.03647, 0.16144999999999987], [-0.035600000000000076, 0.16191999999999984], [0, 0], [0, 0], [-0.035660000000000025, 0.16175000000000006], [0, 0], [-0.017940000000000067, 0.16873000000000005], [-0.037919999999999954, 0.16022999999999987], [-0.035130000000000106, 0.16249000000000002], [-0.03760000000000008, 0.16488000000000014], [0.3338800000000002, -0.40985000000000005], [-0.2744899999999999, 0.4497399999999998], [0.43482999999999983, 0.25764999999999993], [-0.3294600000000001, 0.42402000000000006]]
4 507.065 [-0.03634285714285717, 0.1620714285714285] [-0.43866817522955615, -0.37339935113522466] [[-0.03601999999999994, 0.1617799999999998], [-0.03647, 0.16144999999999987], [-0.035600000000000076, 0.16191999999999984], [0, 0], [0, 0], [-0.035660000000000025, 0.16175000000000006], [0, 0], [-0.017940000000000067, 0.16873000000000005], [-0.037919999999999954, 0.16022999999999987], [-0.035130000000000106, 0.16249000000000002], [-0.03760000000000008, 0.16488000000000014], [0.3338800000000002, -0.40985000000000005], [-0.2744899999999999, 0.4497399999999998], [0.43482999999999983, 0.25764999999999993], [-0.3294600000000001, 0.42402000000000006]]
4 512.072 [-0.03634285714285717, 0.1620714285714285] [-0.43866817522955615, -0.37339935113522466] [[-0.03601999999999994, 0.1617799999999998], [-0.03647, 0.16144999999999987], [-0.035600000000000076, 0.16191999999999984], [0, 0], [0, 0], [-0.035660000000000025, 0.16175000000000006], [0, 0], [-0.017940000000000067, 0.16873000000000005], [-0.037919999999999954, 0.16022999999999987], [-0.035130000000000106, 0.16249000000000002], [-0.03760000000000008, 0.16488000000000014], [0.3338800000000002, -0.40985000000000005], [-0.2744899999999999, 0.4497399999999998], [0.43482999999999983, 0.25764999999999993], [-0.3294600000000001, 0.42402000000000006]]
4 517.079 [-0.03610286446707593, 0.16161575748988555] [-0.43866817522955615, -0.37339935113522466] [[-0.03600000000000003, 0.16171999999999986], [-0.03647, 0.16144999999999987], [-0.035600000000000076, 0.16191999999999984], [0, 0], [0, 0], [-0.035660000000000025, 0.16175000000000006], [0, 0], [-0.017940000000000067, 0.16873000000000005], [-0.037919999999999954, 0.16022999999999987], [-0.035130000000000106, 0.16249000000000002], [-0.03594000000000008, 0.16175000000000006], [0.3338800000000002, -0.40985000000000005], [-0.2744899999999999, 0.4497399999999998], [0.43482999999999983, 0.25764999999999993], [-0.3294600000000001, 0.42402000000000006]]
4 522.087 [-0.0361028571430807, 0.16161571428703272] [-0.43866817522955615, -0.37339935113522466] [[-0.03600000000000003, 0.16171999999999986], [-0.03647, 0.16144999999999987], [-0.035600000000000076, 0.16191999999999984], [0, 0], [0, 0], [-0.035660000000000025, 0.16175000000000006], [0, 0], [-0.017940000000000067, 0.16873000000000005], [-0.037919999999999954, 0.16022999999999987], [-0.035130000000000106, 0.16249000000000002], [-0.03594000000000008, 0.16175000000000006], [0.3338800000000002, -0.40985000000000005], [-0.2744899999999999, 0.4497399999999998], [0.43482999999999983, 0.25764999999999993], [-0.3294600000000001, 0.42402000000000006]]
4 527.095 [-0.036102857142857187, 0.16161571428571428] [-0.43866817522955615, -0.37339935113522466] [[-0.03600000000000003, 0.16171999999999986], [-0.03647, 0.16144999999999987], [-0.035600000000000076, 0.16191999999999984], [0, 0], [0, 0], [-0.035660000000000025, 0.16175000000000006], [0, 0], [-0.017940000000000067, 0.16873000000000005], [-0.037919999999999954, 0.16022999999999987], [-0.035130000000000106, 0.16249000000000002], [-0.03594000000000008, 0.16175000000000006], [0.3338800000000002, -0.40985000000000005], [-0.2744899999999999, 0.4497399999999998], [0.43482999999999983, 0.25764999999999993], [-0.3294600000000001, 0.42402000000000006]]
4 532.102 [-0.036102857142857187, 0.16161571428571422] [-0.43866817522955615, -0.37339935113522466] [[-0.03600000000000003, 0.16171999999999986], [-0.03647, 0.16144999999999987], [-0.035600000000000076, 0.16191999999999984], [0, 0], [0, 0], [-0.035660000000000025, 0.16175000000000006], [0, 0], [-0.017940000000000067, 0.16873000000000005], [-0.037919999999999954, 0.16022999999999987], [-0.035130000000000106, 0.16249000000000002], [-0.03594000000000008, 0.16175000000000006], [0.3338800000000002, -0.40985000000000005], [-0.2744899999999999, 0.4497399999999998], [0.43482999999999983, 0.25764999999999993], [-0.3294600000000001, 0.42402000000000006]]
4 537.108 [-0.036102857142857187, 0.16161571428571422] [-0.43866817522955615, -0.37339935113522466] [[-0.03600000000000003, 0.16171999999999986], [-0.03647, 0.16144999999999987], [-0.035600000000000076, 0.16191999999999984], [0, 0], [0, 0], [-0.035660000000000025, 0.16175000000000006], [0, 0], [-0.017940000000000067, 0.16873000000000005], [-0.037919999999999954, 0.16022999999999987], [-0.035130000000000106, 0.16249000000000002], [-0.03594000000000008, 0.16175000000000006], [0.3338800000000002, -0.40985000000000005], [-0.2744899999999999, 0.4497399999999998], [0.43482999999999983, 0.25764999999999993], [-0.3294600000000001, 0.42402000000000006]]
4 542.116 [-0.03584578766303051, 0.16182554270908175] [-0.43866817522955615, -0.37339935113522466] [[-0.03600000000000003, 0.16171999999999986], [-0.03647, 0.16144999999999987], [-0.035600000000000076, 0.16191999999999984], [0, 0], [-0.036089999999999955, 0.16172999999999993], [-0.035660000000000025, 0.16175000000000006], [0, 0], [-0.03587000000000007, 0.16179999999999994], [-0.037919999999999954, 0.16022999999999987], [-0.035130000000000106, 0.16249000000000002], [-0.03594000000000008, 0.16175000000000006], [0.3338800000000002, -0.40985000000000005], [-0.2744899999999999, 0.4497399999999998], [0.43482999999999983, 0.25764999999999993], [-0.3294600000000001, 0.42402000000000006]]
4 547.123 [-0.03584375003450804, 0.16182874655866664] [-0.43866817522955615, -0.37339935113522466] [[-0.03600000000000003, 0.16171999999999986], [-0.03647, 0.16144999999999987], [-0.035600000000000076, 0.16191999999999984], [0, 0], [-0.03607999999999989, 0.16174], [-0.035660000000000025, 0.16175000000000006], [0, 0], [-0.03587000000000007, 0.16181], [-0.037919999999999954, 0.16022999999999987], [-0.035130000000000106, 0.16249000000000002], [-0.03594000000000008, 0.16175000000000006], [0.3338800000000002, -0.40985000000000005], [-0.2744899999999999, 0.4497399999999998], [0.43482999999999983, 0.25764999999999993], [-0.3294600000000001, 0.42402000000000006]]
4 552.131 [-0.03584250019052038, 0.16182999980942198] [-0.43866817522955615, -0.37339935113522466] [[-0.03600000000000003, 0.16171999999999986], [-0.03647, 0.16144999999999987], [-0.035600000000000076, 0.16191999999999984], [0, 0], [-0.036070000000000046, 0.16175000000000006], [-0.035660000000000025, 0.16175000000000006], [0, 0], [-0.03587000000000007, 0.16181], [-0.037919999999999954, 0.16022999999999987], [-0.035130000000000106, 0.16249000000000002], [-0.03594000000000008, 0.16175000000000006], [0.3338800000000002, -0.40985000000000005], [-0.2744899999999999, 0.4497399999999998], [0.43482999999999983, 0.25764999999999993], [-0.3294600000000001, 0.42402000000000006]]
4 557.14 [-0.03584250000000328, 0.16182999999999673] [-0.43866817522955615, -0.37339935113522466] [[-0.03600000000000003, 0.16171999999999986], [-0.03647, 0.16144999999999987], [-0.035600000000000076, 0.16191999999999984], [0, 0], [-0.036070000000000046, 0.16175000000000006], [-0.035660000000000025, 0.16175000000000006], [0, 0], [-0.03587000000000007, 0.16181], [-0.037919999999999954, 0.16022999999999987], [-0.035130000000000106, 0.16249000000000002], [-0.03594000000000008, 0.16175000000000006], [0.3338800000000002, -0.40985000000000005], [-0.2744899999999999, 0.4497399999999998], [0.43482999999999983, 0.25764999999999993], [-0.3294600000000001, 0.42402000000000006]]
4 562.147 [-0.035842500000000055, 0.16182999999999997] [-0.43866817522955615, -0.37339935113522466] [[-0.03600000000000003, 0.16171999999999986], [-0.03647, 0.16144999999999987], [-0.035600000000000076, 0.16191999999999984], [0, 0], [-0.036070000000000046, 0.16175000000000006], [-0.035660000000000025, 0.16175000000000006], [0, 0], [-0.03587000000000007, 0.16181], [-0.037919999999999954, 0.16022999999999987], [-0.035130000000000106, 0.16249000000000002], [-0.03594000000000008, 0.16175000000000006], [0.3338800000000002, -0.40985000000000005], [-0.2744899999999999, 0.4497399999999998], [0.43482999999999983, 0.25764999999999993], [-0.3294600000000001, 0.42402000000000006]]
4 567.154 [-0.03583875006350664, 0.1618337499364934] [-0.43866817522955615, -0.37339935113522466] [[-0.03597000000000006, 0.16175000000000006], [-0.03647, 0.16144999999999987], [-0.035600000000000076, 0.16191999999999984], [0, 0], [-0.036070000000000046, 0.16175000000000006], [-0.035660000000000025, 0.16175000000000006], [0, 0], [-0.03587000000000007, 0.16181], [-0.037919999999999954, 0.16022999999999987], [-0.035130000000000106, 0.16249000000000002], [-0.03594000000000008, 0.16175000000000006], [0.3338800000000002, -0.40985000000000005], [-0.2744899999999999, 0.4497399999999998], [0.43482999999999983, 0.25764999999999993], [-0.3294600000000001, 0.42402000000000006]]
4 572.162 [-0.035956434634795954, 0.16173248850530808] [-0.43866817522955615, -0.37339935113522466] [[-0.03597000000000006, 0.16174], [-0.03647, 0.16144999999999987], [-0.035600000000000076, 0.16191999999999984], [0, 0], [-0.036070000000000046, 0.16175000000000006], [-0.035660000000000025, 0.16175000000000006], [0, 0], [-0.03587000000000007, 0.16181], [-0.037919999999999954, 0.16022999999999987], [-0.036070000000000046, 0.1616900000000001], [-0.03594000000000008, 0.16175000000000006], [0.3338800000000002, -0.40985000000000005], [-0.2744899999999999, 0.4497399999999998], [0.43482999999999983, 0.25764999999999993], [-0.3294600000000001, 0.42402000000000006]]
4 577.17 [-0.035956250003126855, 0.16173249999980532] [-0.43866817522955615, -0.37339935113522466] [[-0.03597000000000006, 0.16174], [-0.03647, 0.16144999999999987], [-0.035600000000000076, 0.16191999999999984], [0, 0], [-0.036070000000000046, 0.16175000000000006], [-0.035660000000000025, 0.16175000000000006], [0, 0], [-0.03587000000000007, 0.16181], [-0.037919999999999954, 0.16022999999999987], [-0.036070000000000046, 0.1616900000000001], [-0.03594000000000008, 0.16175000000000006], [0.3338800000000002, -0.40985000000000005], [-0.2744899999999999, 0.4497399999999998], [0.43482999999999983, 0.25764999999999993], [-0.3294600000000001, 0.42402000000000006]]
4 582.177 [-0.035957443415637946, 0.16173498115971488] [-0.43866817522955615, -0.37339935113522466] [[-0.0359799999999999, 0.1617700000000002], [-0.03647, 0.16144999999999987], [-0.035600000000000076, 0.16191000000000022], [0, 0], [-0.036070000000000046, 0.16175000000000006], [-0.035660000000000025, 0.16175000000000006], [0, 0], [-0.03587000000000007, 0.16181], [-0.037919999999999954, 0.16022999999999987], [-0.036070000000000046, 0.1616900000000001], [-0.03594000000000008, 0.16175000000000006], [0.3338800000000002, -0.40985000000000005], [-0.2744899999999999, 0.4497399999999998], [0.43482999999999983, 0.25764999999999993], [-0.3294600000000001, 0.42402000000000006]]
4 587.185 [-0.03595749999904177, 0.161734999999681] [-0.43866817522955615, -0.37339935113522466] [[-0.0359799999999999, 0.1617700000000002], [-0.03647, 0.16144999999999987], [-0.035600000000000076, 0.16191000000000022], [0, 0], [-0.036070000000000046, 0.16175000000000006], [-0.035660000000000025, 0.16175000000000006], [0, 0], [-0.03587000000000007, 0.16181], [-0.037919999999999954, 0.16022999999999987], [-0.036070000000000046, 0.1616900000000001], [-0.03594000000000008, 0.16175000000000006], [0.3338800000000002, -0.40985000000000005], [-0.2744899999999999, 0.4497399999999998], [0.43482999999999983, 0.25764999999999993], [-0.3294600000000001, 0.42402000000000006]]
4 592.192 [-0.035958748285322355, 0.1617337517146777] [-0.43866817522955615, -0.37339935113522466] [[-0.0359799999999999, 0.1617700000000002], [-0.03647, 0.16144999999999987], [-0.035600000000000076, 0.16191000000000022], [0, 0], [-0.036070000000000046, 0.16175000000000006], [-0.035660000000000025, 0.16175000000000006], [0, 0], [-0.03587999999999991, 0.16179999999999994], [-0.037919999999999954, 0.16022999999999987], [-0.036070000000000046, 0.1616900000000001], [-0.03594000000000008, 0.16175000000000006], [0.3338800000000002, -0.40985000000000005], [-0.2744899999999999, 0.4497399999999998], [0.43482999999999983, 0.25764999999999993], [-0.3294600000000001, 0.42402000000000006]]
4 597.2 [-0.03595874999997098, 0.1617337500000291] [-0.43866817522955615, -0.37339935113522466] [[-0.0359799999999999, 0.1617700000000002], [-0.03647, 0.16144999999999987], [-0.035600000000000076, 0.16191000000000022], [0, 0], [-0.036070000000000046, 0.16175000000000006], [-0.035660000000000025, 0.16175000000000006], [0, 0], [-0.03587999999999991, 0.16179999999999994], [-0.037919999999999954, 0.16022999999999987], [-0.036070000000000046, 0.1616900000000001], [-0.03594000000000008, 0.16175000000000006], [0.3338800000000002, -0.40985000000000005], [-0.2744899999999999, 0.4497399999999998], [0.43482999999999983, 0.25764999999999993], [-0.3294600000000001, 0.42402000000000006]]
4 602.208 [-0.03595875000000001, 0.16173375000000006] [-0.43866817522955615, -0.37339935113522466] [[-0.0359799999999999, 0.1617700000000002], [-0.03647, 0.16144999999999987], [-0.035600000000000076, 0.16191000000000022], [0, 0], [-0.036070000000000046, 0.16175000000000006], [-0.035660000000000025, 0.16175000000000006], [0, 0], [-0.03587999999999991, 0.16179999999999994], [-0.037919999999999954, 0.16022999999999987], [-0.036070000000000046, 0.1616900000000001], [-0.03594000000000008, 0.16175000000000006], [0.3338800000000002, -0.40985000000000005], [-0.2744899999999999, 0.4497399999999998], [0.43482999999999983, 0.25764999999999993], [-0.3294600000000001, 0.42402000000000006]]
4 607.216 [-0.03591375838286849, 0.16176374542752636] [-0.43866817522955615, -0.37339935113522466] [[-0.0359799999999999, 0.1617700000000002], [-0.036110000000000086, 0.1616900000000001], [-0.035600000000000076, 0.16191000000000022], [0, 0], [-0.036070000000000046, 0.16175000000000006], [-0.035660000000000025, 0.16175000000000006], [0, 0], [-0.03587999999999991, 0.16179999999999994], [-0.037919999999999954, 0.16022999999999987], [-0.036070000000000046, 0.1616900000000001], [-0.03594000000000008, 0.16175000000000006], [0.3338800000000002, -0.40985000000000005], [-0.2744899999999999, 0.4497399999999998], [0.43482999999999983, 0.25764999999999993], [-0.3294600000000001, 0.42402000000000006]]
4 612.223 [-0.03591375000014199, 0.16176374999992266] [-0.43866817522955615, -0.37339935113522466] [[-0.0359799999999999, 0.1617700000000002], [-0.036110000000000086, 0.1616900000000001], [-0.035600000000000076, 0.16191000000000022], [0, 0], [-0.036070000000000046, 0.16175000000000006], [-0.035660000000000025, 0.16175000000000006], [0, 0], [-0.03587999999999991, 0.16179999999999994], [-0.037919999999999954, 0.16022999999999987], [-0.036070000000000046, 0.1616900000000001], [-0.03594000000000008, 0.16175000000000006], [0.3338800000000002, -0.40985000000000005], [-0.2744899999999999, 0.4497399999999998], [0.43482999999999983, 0.25764999999999993], [-0.3294600000000001, 0.42402000000000006]]
4 617.231 [-0.03591375000000002, 0.1617637500000001] [-0.43866817522955615, -0.37339935113522466] [[-0.0359799999999999, 0.1617700000000002], [-0.036110000000000086, 0.1616900000000001], [-0.035600000000000076, 0.16191000000000022], [0, 0], [-0.036070000000000046, 0.16175000000000006], [-0.035660000000000025, 0.16175000000000006], [0, 0], [-0.03587999999999991, 0.16179999999999994], [-0.037919999999999954, 0.16022999999999987], [-0.036070000000000046, 0.1616900000000001], [-0.03594000000000008, 0.16175000000000006], [0.3338800000000002, -0.40985000000000005], [-0.2744899999999999, 0.4497399999999998], [0.43482999999999983, 0.25764999999999993], [-0.3294600000000001, 0.42402000000000006]]
4 622.239 [-0.03592248799725654, 0.16175750857338825] [-0.43866817522955615, -0.37339935113522466] [[-0.0359799999999999, 0.1617700000000002], [-0.036110000000000086, 0.1616900000000001], [-0.03567000000000009, 0.1618599999999999], [0, 0], [-0.036070000000000046, 0.16175000000000006], [-0.035660000000000025, 0.16175000000000006], [0, 0], [-0.03587999999999991, 0.16179999999999994], [-0.037919999999999954, 0.16022999999999987], [-0.036070000000000046, 0.1616900000000001], [-0.03594000000000008, 0.16175000000000006], [0.3338800000000002, -0.40985000000000005], [-0.2744899999999999, 0.4497399999999998], [0.43482999999999983, 0.25764999999999993], [-0.3294600000000001, 0.42402000000000006]]
4 627.246 [-0.035922499999796756, 0.16175750000014524] [-0.43866817522955615, -0.37339935113522466] [[-0.0359799999999999, 0.1617700000000002], [-0.036110000000000086, 0.1616900000000001], [-0.03567000000000009, 0.1618599999999999], [0, 0], [-0.036070000000000046, 0.16175000000000006], [-0.035660000000000025, 0.16175000000000006], [0, 0], [-0.03587999999999991, 0.16179999999999994], [-0.037919999999999954, 0.16022999999999987], [-0.036070000000000046, 0.1616900000000001], [-0.03594000000000008, 0.16175000000000006], [0.3338800000000002, -0.40985000000000005], [-0.2744899999999999, 0.4497399999999998], [0.43482999999999983, 0.25764999999999993], [-0.3294600000000001, 0.42402000000000006]]
