ID TIME pos
13 1.192 [0, 0] [-0.48349351506034294, -0.4509051872567456] [[0, 0], [0, 0], [0, 0], [0, 0], [0, 0], [0, 0], [0, 0], [0, 0], [0, 0], [0, 0], [0, 0], [0, 0], [0, 0], [0, 0], [0, 0]]
13 6.302 [0, 0] [-0.48349351506034294, -0.4509051872567456] [[0, 0], [0, 0], [0, 0], [0, 0], [0, 0], [0, 0], [0, 0], [0, 0], [0, 0], [0, 0], [0, 0], [0, 0], [0, 0], [0, 0], [0, 0]]
13 11.412 [0, 0] [-0.48349351506034294, -0.4509051872567456] [[0, 0], [0, 0], [0, 0], [0, 0], [0, 0], [0, 0], [0, 0], [0, 0], [0, 0], [0, 0], [0, 0], [0, 0], [0, 0], [0, 0], [0, 0]]
13 16.524 [0, 0] [-0.48349351506034294, -0.4509051872567456] [[0, 0], [0, 0], [0, 0], [0, 0], [0, 0], [0, 0], [0, 0], [0, 0], [0, 0], [0, 0], [0, 0], [0, 0], [0, 0], [0, 0], [0, 0]]
13 21.726 [0, 0] [-0.48349351506034294, -0.4509051872567456] [[0, 0], [0, 0], [0, 0], [0, 0], [0, 0], [0, 0], [0, 0], [0, 0], [0, 0], [0, 0], [0, 0], [0, 0], [0, 0], [0, 0], [0, 0]]
13 26.733 [0, 0] [-0.48349351506034294, -0.4509051872567456] [[0, 0], [0, 0], [0, 0], [0, 0], [0, 0], [0, 0], [0, 0], [0, 0], [0, 0], [0, 0], [0, 0], [0, 0], [0, 0], [0, 0], [0, 0]]
13 31.939 [0, 0] [-0.48349351506034294, -0.4509051872567456] [[0, 0], [0, 0], [0, 0], [0, 0], [0, 0], [0, 0], [0, 0], [0, 0], [0, 0], [0, 0], [0, 0], [0, 0], [0, 0], [0, 0], [0, 0]]
13 37.147 [0, 0] [-0.48349351506034294, -0.4509051872567456] [[0, 0], [0, 0], [0, 0], [0, 0], [0, 0], [0, 0], [0, 0], [0, 0], [0, 0], [0, 0], [0, 0], [0, 0], [0, 0], [0, 0], [0, 0]]
13 42.362 [0, 0] [-0.48349351506034294, -0.4509051872567456] [[0, 0], [0, 0], [0, 0], [0, 0], [0, 0], [0, 0], [0, 0], [0, 0], [0, 0], [0, 0], [0, 0], [0, 0], [0, 0], [0, 0], [0, 0]]
13 47.869 [0, 0] [-0.48349351506034294, -0.4509051872567456] [[0, 0], [0, 0], [0, 0], [0, 0], [0, 0], [0, 0], [0, 0], [0, 0], [0, 0], [0, 0], [0, 0], [0, 0], [0, 0], [0, 0], [0, 0]]
13 53.267 [0, 0] [-0.48349351506034294, -0.4509051872567456] [[0, 0], [0, 0], [0, 0], [0, 0], [0, 0], [0, 0], [0, 0], [0, 0], [0, 0], [0, 0], [0, 0], [0, 0], [0, 0], [0, 0], [0, 0]]
13 58.378 [0, 0] [-0.48349351506034294, -0.4509051872567456] [[0, 0], [0, 0], [0, 0], [0, 0], [0, 0], [0, 0], [0, 0], [0, 0], [0, 0], [0, 0], [0, 0], [0, 0], [0, 0], [0, 0], [0, 0]]
13 63.685 [0, 0] [-0.48349351506034294, -0.4509051872567456] [[0, 0], [0, 0], [0, 0], [0, 0], [0, 0], [0, 0], [0, 0], [0, 0], [0, 0], [0, 0], [0, 0], [0, 0], [0, 0], [0, 0], [0, 0]]
13 68.996 [-0.47411000000000003, -0.4104300000000001] [-0.48349351506034294, -0.4509051872567456] [[0, 0], [0, 0], [-0.47411000000000003, -0.4104300000000001], [0, 0], [0, 0], [0, 0], [0, 0], [0, 0], [0, 0], [0, 0], [0, 0], [0, 0], [0, 0], [0, 0], [0, 0]]
13 74.3 [-0.47411000000000003, -0.4104300000000001] [-0.48349351506034294, -0.4509051872567456] [[0, 0], [0, 0], [-0.47411000000000003, -0.4104300000000001], [0, 0], [0, 0], [0, 0], [0, 0], [0, 0], [0, 0], [0, 0], [0, 0], [0, 0], [0, 0], [0, 0], [0, 0]]
13 79.706 [-0.47411000000000003, -0.4104300000000001] [-0.48349351506034294, -0.4509051872567456] [[0, 0], [0, 0], [-0.47411000000000003, -0.4104300000000001], [0, 0], [0, 0], [0, 0], [0, 0], [0, 0], [0, 0], [0, 0], [0, 0], [0, 0], [0, 0], [0, 0], [0, 0]]
13 85.111 [-0.4856566666666667, -0.41345666666666664] [-0.48349351506034294, -0.4509051872567456] [[-0.49055000000000004, -0.4155199999999999], [0, 0], [-0.47411000000000003, -0.4104300000000001], [0, 0], [0, 0], [0, 0], [0, 0], [0, 0], [0, 0], [0, 0], [0, 0], [0, 0], [0, 0], [0, 0], [-0.49231, -0.41442]]
13 90.319 [-0.4853966666666667, -0.4134033333333334] [-0.48349351506034294, -0.4509051872567456] [[-0.48977000000000004, -0.4153500000000001], [0, 0], [-0.47411000000000003, -0.4104300000000001], [0, 0], [0, 0], [0, 0], [0, 0], [0, 0], [0, 0], [0, 0], [0, 0], [0, 0], [0, 0], [0, 0], [-0.49231, -0.4144300000000001]]
13 95.624 [-0.4871420000000001, -0.41395400000000004] [-0.48349351506034294, -0.4509051872567456] [[-0.48907999999999996, -0.41511999999999993], [0, 0], [-0.47411000000000003, -0.4104300000000001], [0, 0], [0, 0], [0, 0], [0, 0], [0, 0], [0, 0], [-0.48974000000000006, -0.41498999999999997], [0, 0], [0, 0], [0, 0], [-0.49046999999999996, -0.41480000000000006], [-0.49231, -0.4144300000000001]]
13 100.823 [-0.49237111111111115, -0.41825777777777784] [-0.48349351506034294, -0.4509051872567456] [[-0.50831, -0.4164699999999999], [0, 0], [-0.47411000000000003, -0.4104300000000001], [0, 0], [-0.51139, -0.41880000000000006], [-0.5057400000000001, -0.4184000000000001], [0, 0], [0, 0], [0, 0], [-0.4927600000000001, -0.42595000000000005], [-0.4906600000000001, -0.42256000000000005], [-0.47441, -0.41954], [0, 0], [-0.4816499999999999, -0.41774], [-0.49231, -0.4144300000000001]]
13 106.141 [-0.5028725397747228, -0.4114137070703095] [-0.48349351506034294, -0.4509051872567456] [[-0.49191000000000007, -0.4146700000000001], [-0.50675, -0.41174], [-0.47411000000000003, -0.4104300000000001], [0, 0], [-0.4988300000000001, -0.41497000000000006], [-0.5497099999999999, -0.38928000000000007], [0, 0], [0, 0], [0, 0], [-0.50664, -0.4113199999999999], [-0.5014099999999999, -0.41029000000000004], [-0.49754999999999994, -0.41032], [0, 0], [-0.5061899999999999, -0.4214800000000001], [-0.49231, -0.4144300000000001]]
13 111.542 [-0.5011964742382213, -0.40974869136923764] [-0.48349351506034294, -0.4509051872567456] [[-0.49191000000000007, -0.4146700000000001], [-0.5057499999999999, -0.40864999999999996], [-0.47411000000000003, -0.4104300000000001], [0, 0], [-0.49733000000000005, -0.4123300000000001], [-0.5497099999999999, -0.38928000000000007], [0, 0], [0, 0], [0, 0], [-0.5058100000000001, -0.40907000000000004], [-0.49371999999999994, -0.41368000000000005], [-0.4966600000000001, -0.41242], [0, 0], [-0.5047299999999999, -0.41246000000000005], [-0.49231, -0.4144300000000001]]
13 116.743 [-0.5017453819999518, -0.40885392738133497] [-0.48349351506034294, -0.4509051872567456] [[-0.49191000000000007, -0.4146700000000001], [-0.50288, -0.4079999999999999], [-0.47411000000000003, -0.4104300000000001], [0, 0], [-0.5021199999999999, -0.40837999999999997], [-0.5497099999999999, -0.38928000000000007], [0, 0], [0, 0], [0, 0], [-0.5058100000000001, -0.40907000000000004], [-0.49428000000000005, -0.4132100000000001], [-0.49957000000000007, -0.40859], [0, 0], [-0.5047299999999999, -0.41246000000000005], [-0.49231, -0.4144300000000001]]
13 121.857 [-0.4941157029474017, -0.4118843492677934] [-0.48349351506034294, -0.4509051872567456] [[-0.49191000000000007, -0.4146700000000001], [-0.49695, -0.4116599999999999], [-0.47411000000000003, -0.4104300000000001], [0, 0], [-0.5020800000000001, -0.4083300000000001], [-0.4946999999999999, -0.41223999999999994], [0, 0], [0, 0], [0, 0], [-0.4981500000000001, -0.41133], [-0.49428000000000005, -0.4132100000000001], [-0.494, -0.4119299999999999], [0, 0], [-0.5025299999999999, -0.4107099999999999], [-0.49231, -0.4144300000000001]]
13 127.16 [-0.49398720042534944, -0.41197478670948495] [-0.48349351506034294, -0.4509051872567456] [[-0.49191000000000007, -0.4146700000000001], [-0.4961899999999999, -0.41220999999999997], [-0.47411000000000003, -0.4104300000000001], [0, 0], [-0.5020800000000001, -0.4083300000000001], [-0.4946999999999999, -0.41223999999999994], [0, 0], [0, 0], [0, 0], [-0.4981500000000001, -0.41133], [-0.49428000000000005, -0.4132100000000001], [-0.4936100000000001, -0.41219000000000006], [0, 0], [-0.5025299999999999, -0.4107099999999999], [-0.49231, -0.4144300000000001]]
13 132.563 [-0.49398700000124446, -0.41197499999867565] [-0.48349351506034294, -0.4509051872567456] [[-0.49191000000000007, -0.4146700000000001], [-0.4961899999999999, -0.41220999999999997], [-0.47411000000000003, -0.4104300000000001], [0, 0], [-0.5020800000000001, -0.4083300000000001], [-0.4946999999999999, -0.41223999999999994], [0, 0], [0, 0], [0, 0], [-0.4981500000000001, -0.41133], [-0.49428000000000005, -0.4132100000000001], [-0.4936100000000001, -0.41219000000000006], [0, 0], [-0.5025299999999999, -0.4107099999999999], [-0.49231, -0.4144300000000001]]
13 137.768 [-0.49403162442129633, -0.411962740162037] [-0.48349351506034294, -0.4509051872567456] [[-0.49191000000000007, -0.4146700000000001], [-0.4962500000000001, -0.41219000000000006], [-0.47411000000000003, -0.4104300000000001], [-0.4944200000000001, -0.4118599999999999], [-0.5020800000000001, -0.4083300000000001], [-0.4946999999999999, -0.41223999999999994], [0, 0], [0, 0], [0, 0], [-0.4981500000000001, -0.41133], [-0.49428000000000005, -0.4132100000000001], [-0.4936100000000001, -0.41219000000000006], [0, 0], [-0.5025299999999999, -0.4107099999999999], [-0.49231, -0.4144300000000001]]
13 142.781 [-0.49403091540326166, -0.41196363631984695] [-0.48349351506034294, -0.4509051872567456] [[-0.49191000000000007, -0.4146700000000001], [-0.49622999999999995, -0.4121999999999999], [-0.47411000000000003, -0.4104300000000001], [-0.4944200000000001, -0.4118599999999999], [-0.5020800000000001, -0.4083300000000001], [-0.4946999999999999, -0.41223999999999994], [0, 0], [0, 0], [0, 0], [-0.4981500000000001, -0.41133], [-0.49428000000000005, -0.4132100000000001], [-0.49361999999999995, -0.41219000000000006], [0, 0], [-0.5025299999999999, -0.4107099999999999], [-0.49231, -0.4144300000000001]]
13 147.987 [-0.49404083964649, -0.41196905303030285] [-0.48349351506034294, -0.4509051872567456] [[-0.49191000000000007, -0.4146700000000001], [-0.49622999999999995, -0.4121999999999999], [-0.47411000000000003, -0.4104300000000001], [-0.4945299999999999, -0.41192000000000006], [-0.5020800000000001, -0.4083300000000001], [-0.4946999999999999, -0.41223999999999994], [0, 0], [0, 0], [0, 0], [-0.4981500000000001, -0.41133], [-0.49428000000000005, -0.4132100000000001], [-0.49361999999999995, -0.41219000000000006], [0, 0], [-0.5025299999999999, -0.4107099999999999], [-0.49231, -0.4144300000000001]]
13 153.188 [-0.4936412818722659, -0.41196240205862994] [-0.48349351506034294, -0.4509051872567456] [[-0.49191000000000007, -0.4146700000000001], [-0.49622999999999995, -0.4121999999999999], [-0.47411000000000003, -0.4104300000000001], [-0.4945299999999999, -0.41192000000000006], [-0.50072, -0.40941000000000005], [-0.4946999999999999, -0.41223999999999994], [0, 0], [0, 0], [0, 0], [-0.4981500000000001, -0.41133], [-0.49428000000000005, -0.4132100000000001], [-0.49361999999999995, -0.41219000000000006], [0, 0], [-0.5025299999999999, -0.4107099999999999], [-0.48929, -0.41327]]
13 158.294 [-0.49387373521115246, -0.4122282431295265] [-0.48349351506034294, -0.4509051872567456] [[-0.49191000000000007, -0.4146700000000001], [-0.49622999999999995, -0.4121999999999999], [-0.47411000000000003, -0.4104300000000001], [-0.49418000000000006, -0.41341000000000006], [-0.50021, -0.4099999999999999], [-0.4946999999999999, -0.41223999999999994], [0, 0], [-0.49624, -0.41242], [0, 0], [-0.4981500000000001, -0.41133], [-0.49428000000000005, -0.4132100000000001], [-0.49361999999999995, -0.41219000000000006], [0, 0], [-0.5025299999999999, -0.4107099999999999], [-0.49049999999999994, -0.4134500000000001]]
13 163.406 [-0.4939283321359013, -0.41208417483831666] [-0.48349351506034294, -0.4509051872567456] [[-0.49191000000000007, -0.4146700000000001], [-0.49622999999999995, -0.4121999999999999], [-0.47411000000000003, -0.4104300000000001], [-0.49428000000000005, -0.41311999999999993], [-0.5004299999999999, -0.40948000000000007], [-0.4946999999999999, -0.41223999999999994], [0, 0], [-0.49639999999999995, -0.41198], [0, 0], [-0.4981500000000001, -0.41133], [-0.49428000000000005, -0.4132100000000001], [-0.49361999999999995, -0.41219000000000006], [0, 0], [-0.5025299999999999, -0.4107099999999999], [-0.49049999999999994, -0.4134500000000001]]
13 168.611 [-0.4932157620510625, -0.4125547012256389] [-0.48349351506034294, -0.4509051872567456] [[-0.49191000000000007, -0.4146700000000001], [-0.49622999999999995, -0.4121999999999999], [-0.47411000000000003, -0.4104300000000001], [-0.49397, -0.41324000000000005], [-0.5004299999999999, -0.40948000000000007], [-0.4946999999999999, -0.41223999999999994], [-0.48851, -0.41591], [-0.49668, -0.4117200000000001], [0, 0], [-0.4981500000000001, -0.41133], [-0.49428000000000005, -0.4132100000000001], [-0.49361999999999995, -0.41219000000000006], [0, 0], [-0.5025299999999999, -0.4107099999999999], [-0.48757000000000006, -0.41542999999999997]]
13 173.919 [-0.49433610050083676, -0.4119393442737795] [-0.48349351506034294, -0.4509051872567456] [[-0.49191000000000007, -0.4146700000000001], [-0.49622999999999995, -0.4121999999999999], [-0.47411000000000003, -0.4104300000000001], [-0.49441, -0.41300000000000003], [-0.5004299999999999, -0.40948000000000007], [-0.4946999999999999, -0.41223999999999994], [-0.49611000000000005, -0.41195000000000004], [-0.49668, -0.4117200000000001], [0, 0], [-0.4981500000000001, -0.41133], [-0.49428000000000005, -0.4132100000000001], [-0.49361999999999995, -0.41219000000000006], [0, 0], [-0.5025299999999999, -0.4107099999999999], [-0.49324999999999997, -0.4120299999999999]]
13 179.226 [-0.4943476877865259, -0.41192307726941196] [-0.48349351506034294, -0.4509051872567456] [[-0.49191000000000007, -0.4146700000000001], [-0.49622999999999995, -0.4121999999999999], [-0.47411000000000003, -0.4104300000000001], [-0.49441, -0.41300000000000003], [-0.5004299999999999, -0.40948000000000007], [-0.4946999999999999, -0.41223999999999994], [-0.49611000000000005, -0.41195000000000004], [-0.49668, -0.4117200000000001], [0, 0], [-0.4981500000000001, -0.41133], [-0.49428000000000005, -0.4132100000000001], [-0.49361999999999995, -0.41219000000000006], [0, 0], [-0.5025299999999999, -0.4107099999999999], [-0.49336, -0.41186999999999996]]
13 184.329 [-0.49434692335724656, -0.41192307692307745] [-0.48349351506034294, -0.4509051872567456] [[-0.49191000000000007, -0.4146700000000001], [-0.49622999999999995, -0.4121999999999999], [-0.47411000000000003, -0.4104300000000001], [-0.49441, -0.41300000000000003], [-0.5004299999999999, -0.40948000000000007], [-0.4946999999999999, -0.41223999999999994], [-0.49611000000000005, -0.41195000000000004], [-0.49668, -0.4117200000000001], [0, 0], [-0.4981500000000001, -0.41133], [-0.49428000000000005, -0.4132100000000001], [-0.49361999999999995, -0.41219000000000006], [0, 0], [-0.5025299999999999, -0.4107099999999999], [-0.49334999999999996, -0.41186999999999996]]
13 189.433 [-0.49434692307692363, -0.4119230769230768] [-0.48349351506034294, -0.4509051872567456] [[-0.49191000000000007, -0.4146700000000001], [-0.49622999999999995, -0.4121999999999999], [-0.47411000000000003, -0.4104300000000001], [-0.49441, -0.41300000000000003], [-0.5004299999999999, -0.40948000000000007], [-0.4946999999999999, -0.41223999999999994], [-0.49611000000000005, -0.41195000000000004], [-0.49668, -0.4117200000000001], [0, 0], [-0.4981500000000001, -0.41133], [-0.49428000000000005, -0.4132100000000001], [-0.49361999999999995, -0.41219000000000006], [0, 0], [-0.5025299999999999, -0.4107099999999999], [-0.49334999999999996, -0.41186999999999996]]
13 194.449 [-0.49434692307692313, -0.4119230769230768] [-0.48349351506034294, -0.4509051872567456] [[-0.49191000000000007, -0.4146700000000001], [-0.49622999999999995, -0.4121999999999999], [-0.47411000000000003, -0.4104300000000001], [-0.49441, -0.41300000000000003], [-0.5004299999999999, -0.40948000000000007], [-0.4946999999999999, -0.41223999999999994], [-0.49611000000000005, -0.41195000000000004], [-0.49668, -0.4117200000000001], [0, 0], [-0.4981500000000001, -0.41133], [-0.49428000000000005, -0.4132100000000001], [-0.49361999999999995, -0.41219000000000006], [0, 0], [-0.5025299999999999, -0.4107099999999999], [-0.49334999999999996, -0.41186999999999996]]
13 199.552 [-0.49434692307692313, -0.4119230769230768] [-0.48349351506034294, -0.4509051872567456] [[-0.49191000000000007, -0.4146700000000001], [-0.49622999999999995, -0.4121999999999999], [-0.47411000000000003, -0.4104300000000001], [-0.49441, -0.41300000000000003], [-0.5004299999999999, -0.40948000000000007], [-0.4946999999999999, -0.41223999999999994], [-0.49611000000000005, -0.41195000000000004], [-0.49668, -0.4117200000000001], [0, 0], [-0.4981500000000001, -0.41133], [-0.49428000000000005, -0.4132100000000001], [-0.49361999999999995, -0.41219000000000006], [0, 0], [-0.5025299999999999, -0.4107099999999999], [-0.49334999999999996, -0.41186999999999996]]
13 204.757 [-0.49434692307692313, -0.4119230769230768] [-0.48349351506034294, -0.4509051872567456] [[-0.49191000000000007, -0.4146700000000001], [-0.49622999999999995, -0.4121999999999999], [-0.47411000000000003, -0.4104300000000001], [-0.49441, -0.41300000000000003], [-0.5004299999999999, -0.40948000000000007], [-0.4946999999999999, -0.41223999999999994], [-0.49611000000000005, -0.41195000000000004], [-0.49668, -0.4117200000000001], [0, 0], [-0.4981500000000001, -0.41133], [-0.49428000000000005, -0.4132100000000001], [-0.49361999999999995, -0.41219000000000006], [0, 0], [-0.5025299999999999, -0.4107099999999999], [-0.49334999999999996, -0.41186999999999996]]
13 209.968 [-0.49437153782077986, -0.411903846914747] [-0.48349351506034294, -0.4509051872567456] [[-0.49191000000000007, -0.4146700000000001], [-0.49622999999999995, -0.4121999999999999], [-0.47411000000000003, -0.4104300000000001], [-0.49441, -0.41300000000000003], [-0.5004299999999999, -0.40948000000000007], [-0.4946999999999999, -0.41223999999999994], [-0.4964299999999999, -0.41169999999999995], [-0.49668, -0.4117200000000001], [0, 0], [-0.4981500000000001, -0.41133], [-0.49428000000000005, -0.4132100000000001], [-0.49361999999999995, -0.41219000000000006], [0, 0], [-0.5025299999999999, -0.4107099999999999], [-0.49334999999999996, -0.41186999999999996]]
13 214.976 [-0.4943715384615373, -0.4119038461538475] [-0.48349351506034294, -0.4509051872567456] [[-0.49191000000000007, -0.4146700000000001], [-0.49622999999999995, -0.4121999999999999], [-0.47411000000000003, -0.4104300000000001], [-0.49441, -0.41300000000000003], [-0.5004299999999999, -0.40948000000000007], [-0.4946999999999999, -0.41223999999999994], [-0.4964299999999999, -0.41169999999999995], [-0.49668, -0.4117200000000001], [0, 0], [-0.4981500000000001, -0.41133], [-0.49428000000000005, -0.4132100000000001], [-0.49361999999999995, -0.41219000000000006], [0, 0], [-0.5025299999999999, -0.4107099999999999], [-0.49334999999999996, -0.41186999999999996]]
13 220.181 [-0.49437153846153853, -0.4119038461538461] [-0.48349351506034294, -0.4509051872567456] [[-0.49191000000000007, -0.4146700000000001], [-0.49622999999999995, -0.4121999999999999], [-0.47411000000000003, -0.4104300000000001], [-0.49441, -0.41300000000000003], [-0.5004299999999999, -0.40948000000000007], [-0.4946999999999999, -0.41223999999999994], [-0.4964299999999999, -0.41169999999999995], [-0.49668, -0.4117200000000001], [0, 0], [-0.4981500000000001, -0.41133], [-0.49428000000000005, -0.4132100000000001], [-0.49361999999999995, -0.41219000000000006], [0, 0], [-0.5025299999999999, -0.4107099999999999], [-0.49334999999999996, -0.41186999999999996]]
13 225.388 [-0.49441637811168426, -0.41184838332585766] [-0.48349351506034294, -0.4509051872567456] [[-0.49191000000000007, -0.4146700000000001], [-0.49622999999999995, -0.4121999999999999], [-0.47411000000000003, -0.4104300000000001], [-0.49441, -0.41300000000000003], [-0.5004299999999999, -0.40948000000000007], [-0.4946999999999999, -0.41223999999999994], [-0.4964299999999999, -0.41169999999999995], [-0.49668, -0.4117200000000001], [0, 0], [-0.4981500000000001, -0.41133], [-0.4948600000000001, -0.41249], [-0.49361999999999995, -0.41219000000000006], [0, 0], [-0.5025299999999999, -0.4107099999999999], [-0.49334999999999996, -0.41186999999999996]]
13 230.693 [-0.4944153846172319, -0.41184846153831595] [-0.48349351506034294, -0.4509051872567456] [[-0.49191000000000007, -0.4146700000000001], [-0.49622999999999995, -0.4121999999999999], [-0.47411000000000003, -0.4104300000000001], [-0.49441, -0.41300000000000003], [-0.5004299999999999, -0.40948000000000007], [-0.4946999999999999, -0.41223999999999994], [-0.4964299999999999, -0.41169999999999995], [-0.49668, -0.4117200000000001], [0, 0], [-0.4981500000000001, -0.41133], [-0.49485, -0.41249], [-0.49361999999999995, -0.41219000000000006], [0, 0], [-0.5025299999999999, -0.4107099999999999], [-0.49334999999999996, -0.41186999999999996]]
13 235.804 [-0.49441538461538465, -0.4118484615384614] [-0.48349351506034294, -0.4509051872567456] [[-0.49191000000000007, -0.4146700000000001], [-0.49622999999999995, -0.4121999999999999], [-0.47411000000000003, -0.4104300000000001], [-0.49441, -0.41300000000000003], [-0.5004299999999999, -0.40948000000000007], [-0.4946999999999999, -0.41223999999999994], [-0.4964299999999999, -0.41169999999999995], [-0.49668, -0.4117200000000001], [0, 0], [-0.4981500000000001, -0.41133], [-0.49485, -0.41249], [-0.49361999999999995, -0.41219000000000006], [0, 0], [-0.5025299999999999, -0.4107099999999999], [-0.49334999999999996, -0.41186999999999996]]
13 241.209 [-0.49441538461538465, -0.4118484615384614] [-0.48349351506034294, -0.4509051872567456] [[-0.49191000000000007, -0.4146700000000001], [-0.49622999999999995, -0.4121999999999999], [-0.47411000000000003, -0.4104300000000001], [-0.49441, -0.41300000000000003], [-0.5004299999999999, -0.40948000000000007], [-0.4946999999999999, -0.41223999999999994], [-0.4964299999999999, -0.41169999999999995], [-0.49668, -0.4117200000000001], [0, 0], [-0.4981500000000001, -0.41133], [-0.49485, -0.41249], [-0.49361999999999995, -0.41219000000000006], [0, 0], [-0.5025299999999999, -0.4107099999999999], [-0.49334999999999996, -0.41186999999999996]]
13 246.615 [-0.49441538461538465, -0.4118484615384614] [-0.48349351506034294, -0.4509051872567456] [[-0.49191000000000007, -0.4146700000000001], [-0.49622999999999995, -0.4121999999999999], [-0.47411000000000003, -0.4104300000000001], [-0.49441, -0.41300000000000003], [-0.5004299999999999, -0.40948000000000007], [-0.4946999999999999, -0.41223999999999994], [-0.4964299999999999, -0.41169999999999995], [-0.49668, -0.4117200000000001], [0, 0], [-0.4981500000000001, -0.41133], [-0.49485, -0.41249], [-0.49361999999999995, -0.41219000000000006], [0, 0], [-0.5025299999999999, -0.4107099999999999], [-0.49334999999999996, -0.41186999999999996]]
13 251.92 [-0.49628658452464863, -0.4120231312445363] [-0.48349351506034294, -0.4509051872567456] [[-0.49191000000000007, -0.4146700000000001], [-0.49622999999999995, -0.4121999999999999], [-0.4965299999999999, -0.41242], [-0.49441, -0.41300000000000003], [-0.5004299999999999, -0.40948000000000007], [-0.4946999999999999, -0.41223999999999994], [-0.4964299999999999, -0.41169999999999995], [-0.49668, -0.4117200000000001], [0, 0], [-0.4981500000000001, -0.41133], [-0.49485, -0.41249], [-0.49551999999999996, -0.4124699999999999], [0, 0], [-0.5025299999999999, -0.4107099999999999], [-0.49334999999999996, -0.41186999999999996]]
13 257.129 [-0.4962476923428194, -0.41207076914219376] [-0.48349351506034294, -0.4509051872567456] [[-0.49191000000000007, -0.4146700000000001], [-0.49622999999999995, -0.4121999999999999], [-0.49655000000000005, -0.41242], [-0.49441, -0.41300000000000003], [-0.5004299999999999, -0.40948000000000007], [-0.4946999999999999, -0.41223999999999994], [-0.4964299999999999, -0.41169999999999995], [-0.49615999999999993, -0.41233999999999993], [0, 0], [-0.4981500000000001, -0.41133], [-0.49485, -0.41249], [-0.49551999999999996, -0.4124699999999999], [0, 0], [-0.5025299999999999, -0.4107099999999999], [-0.49334999999999996, -0.41186999999999996]]
13 262.332 [-0.49599488982955825, -0.4122157692307691] [-0.48349351506034294, -0.4509051872567456] [[-0.49191000000000007, -0.4146700000000001], [-0.49622999999999995, -0.4121999999999999], [-0.49655000000000005, -0.41242], [-0.49441, -0.41300000000000003], [-0.49688, -0.41151000000000004], [-0.4946999999999999, -0.41223999999999994], [-0.4964299999999999, -0.41169999999999995], [-0.49617, -0.41233999999999993], [0, 0], [-0.4981500000000001, -0.41133], [-0.49485, -0.41249], [-0.49551999999999996, -0.4124699999999999], [0, 0], [-0.5025299999999999, -0.4107099999999999], [-0.49334999999999996, -0.41186999999999996]]
13 267.535 [-0.4960361529699118, -0.41221153450900144] [-0.48349351506034294, -0.4509051872567456] [[-0.49191000000000007, -0.4146700000000001], [-0.49622999999999995, -0.4121999999999999], [-0.49655000000000005, -0.41242], [-0.49441, -0.41300000000000003], [-0.49692000000000003, -0.41151000000000004], [-0.4946999999999999, -0.41223999999999994], [-0.4964299999999999, -0.41169999999999995], [-0.49617, -0.41233999999999993], [0, 0], [-0.4981500000000001, -0.41133], [-0.49560000000000004, -0.41229000000000005], [-0.49551999999999996, -0.4124699999999999], [0, 0], [-0.5025299999999999, -0.4107099999999999], [-0.49334999999999996, -0.41186999999999996]]
13 272.644 [-0.495579588984785, -0.4123075692634291] [-0.48349351506034294, -0.4509051872567456] [[-0.49191000000000007, -0.4146700000000001], [-0.49622999999999995, -0.4121999999999999], [-0.49655000000000005, -0.41242], [-0.49441, -0.41300000000000003], [-0.4960500000000001, -0.41186999999999996], [-0.4946999999999999, -0.41223999999999994], [-0.4964299999999999, -0.41169999999999995], [-0.49617, -0.41233999999999993], [0, 0], [-0.4981500000000001, -0.41133], [-0.49560000000000004, -0.41229000000000005], [-0.49551999999999996, -0.4124699999999999], [0, 0], [-0.49673999999999996, -0.41158000000000006], [-0.49412999999999996, -0.4118900000000001]]
13 277.658 [-0.4955846153752696, -0.4123076923074635] [-0.48349351506034294, -0.4509051872567456] [[-0.49191000000000007, -0.4146700000000001], [-0.49622999999999995, -0.4121999999999999], [-0.49655000000000005, -0.41242], [-0.49441, -0.41300000000000003], [-0.4960500000000001, -0.41186999999999996], [-0.4946999999999999, -0.41223999999999994], [-0.4964299999999999, -0.41169999999999995], [-0.49617, -0.41233999999999993], [0, 0], [-0.4981500000000001, -0.41133], [-0.49560000000000004, -0.41229000000000005], [-0.49551999999999996, -0.4124699999999999], [0, 0], [-0.49673999999999996, -0.41158000000000006], [-0.49414, -0.4118900000000001]]
13 282.767 [-0.4955846153846154, -0.41230769230769226] [-0.48349351506034294, -0.4509051872567456] [[-0.49191000000000007, -0.4146700000000001], [-0.49622999999999995, -0.4121999999999999], [-0.49655000000000005, -0.41242], [-0.49441, -0.41300000000000003], [-0.4960500000000001, -0.41186999999999996], [-0.4946999999999999, -0.41223999999999994], [-0.4964299999999999, -0.41169999999999995], [-0.49617, -0.41233999999999993], [0, 0], [-0.4981500000000001, -0.41133], [-0.49560000000000004, -0.41229000000000005], [-0.49551999999999996, -0.4124699999999999], [0, 0], [-0.49673999999999996, -0.41158000000000006], [-0.49414, -0.4118900000000001]]
13 288.065 [-0.4955846153846154, -0.41230769230769226] [-0.48349351506034294, -0.4509051872567456] [[-0.49191000000000007, -0.4146700000000001], [-0.49622999999999995, -0.4121999999999999], [-0.49655000000000005, -0.41242], [-0.49441, -0.41300000000000003], [-0.4960500000000001, -0.41186999999999996], [-0.4946999999999999, -0.41223999999999994], [-0.4964299999999999, -0.41169999999999995], [-0.49617, -0.41233999999999993], [0, 0], [-0.4981500000000001, -0.41133], [-0.49560000000000004, -0.41229000000000005], [-0.49551999999999996, -0.4124699999999999], [0, 0], [-0.49673999999999996, -0.41158000000000006], [-0.49414, -0.4118900000000001]]
13 293.276 [-0.4955846153846154, -0.41230769230769226] [-0.48349351506034294, -0.4509051872567456] [[-0.49191000000000007, -0.4146700000000001], [-0.49622999999999995, -0.4121999999999999], [-0.49655000000000005, -0.41242], [-0.49441, -0.41300000000000003], [-0.4960500000000001, -0.41186999999999996], [-0.4946999999999999, -0.41223999999999994], [-0.4964299999999999, -0.41169999999999995], [-0.49617, -0.41233999999999993], [0, 0], [-0.4981500000000001, -0.41133], [-0.49560000000000004, -0.41229000000000005], [-0.49551999999999996, -0.4124699999999999], [0, 0], [-0.49673999999999996, -0.41158000000000006], [-0.49414, -0.4118900000000001]]
13 298.477 [-0.4955846153846154, -0.41230769230769226] [-0.48349351506034294, -0.4509051872567456] [[-0.49191000000000007, -0.4146700000000001], [-0.49622999999999995, -0.4121999999999999], [-0.49655000000000005, -0.41242], [-0.49441, -0.41300000000000003], [-0.4960500000000001, -0.41186999999999996], [-0.4946999999999999, -0.41223999999999994], [-0.4964299999999999, -0.41169999999999995], [-0.49617, -0.41233999999999993], [0, 0], [-0.4981500000000001, -0.41133], [-0.49560000000000004, -0.41229000000000005], [-0.49551999999999996, -0.4124699999999999], [0, 0], [-0.49673999999999996, -0.41158000000000006], [-0.49414, -0.4118900000000001]]
13 303.586 [-0.4955846153846154, -0.41230769230769226] [-0.48349351506034294, -0.4509051872567456] [[-0.49191000000000007, -0.4146700000000001], [-0.49622999999999995, -0.4121999999999999], [-0.49655000000000005, -0.41242], [-0.49441, -0.41300000000000003], [-0.4960500000000001, -0.41186999999999996], [-0.4946999999999999, -0.41223999999999994], [-0.4964299999999999, -0.41169999999999995], [-0.49617, -0.41233999999999993], [0, 0], [-0.4981500000000001, -0.41133], [-0.49560000000000004, -0.41229000000000005], [-0.49551999999999996, -0.4124699999999999], [0, 0], [-0.49673999999999996, -0.41158000000000006], [-0.49414, -0.4118900000000001]]
13 308.791 [-0.4956431868131869, -0.4122712637362638] [-0.48349351506034294, -0.4509051872567456] [[-0.49191000000000007, -0.4146700000000001], [-0.49622999999999995, -0.4121999999999999], [-0.49655000000000005, -0.41242], [-0.49441, -0.41300000000000003], [-0.4960500000000001, -0.41186999999999996], [-0.4946999999999999, -0.41223999999999994], [-0.4964299999999999, -0.41169999999999995], [-0.49617, -0.41233999999999993], [0, 0], [-0.4981500000000001, -0.41133], [-0.49560000000000004, -0.41229000000000005], [-0.4961899999999999, -0.4119600000000001], [0, 0], [-0.49673999999999996, -0.41158000000000006], [-0.4942899999999999, -0.4118900000000001]]
13 314.098 [-0.4956584614728738, -0.4122700000023497] [-0.48349351506034294, -0.4509051872567456] [[-0.49191000000000007, -0.4146700000000001], [-0.49622999999999995, -0.4121999999999999], [-0.49655000000000005, -0.41242], [-0.49441, -0.41300000000000003], [-0.4960500000000001, -0.41186999999999996], [-0.4946999999999999, -0.41223999999999994], [-0.4964299999999999, -0.41169999999999995], [-0.49617, -0.41233999999999993], [0, 0], [-0.4981500000000001, -0.41133], [-0.49560000000000004, -0.41229000000000005], [-0.49631000000000003, -0.41198], [0, 0], [-0.49673999999999996, -0.41158000000000006], [-0.49431, -0.4118900000000001]]
13 319.31 [-0.4956341248037676, -0.41226913265306125] [-0.48349351506034294, -0.4509051872567456] [[-0.49191000000000007, -0.4146700000000001], [-0.4959199999999999, -0.41219000000000006], [-0.49655000000000005, -0.41242], [-0.49441, -0.41300000000000003], [-0.4960500000000001, -0.41186999999999996], [-0.4946999999999999, -0.41223999999999994], [-0.4964299999999999, -0.41169999999999995], [-0.49617, -0.41233999999999993], [0, 0], [-0.4981500000000001, -0.41133], [-0.49560000000000004, -0.41229000000000005], [-0.49631000000000003, -0.41198], [0, 0], [-0.49673999999999996, -0.41158000000000006], [-0.49431, -0.4118900000000001]]
13 324.715 [-0.49565623862848224, -0.41225690054577824] [-0.48349351506034294, -0.4509051872567456] [[-0.49191000000000007, -0.4146700000000001], [-0.49628000000000005, -0.4119600000000001], [-0.49655000000000005, -0.41242], [-0.49441, -0.41300000000000003], [-0.4960500000000001, -0.41186999999999996], [-0.4946999999999999, -0.41223999999999994], [-0.4964299999999999, -0.41169999999999995], [-0.4959499999999999, -0.4124000000000001], [0, 0], [-0.4981500000000001, -0.41133], [-0.49560000000000004, -0.41229000000000005], [-0.49631000000000003, -0.41198], [0, 0], [-0.49673999999999996, -0.41158000000000006], [-0.49445000000000006, -0.41189999999999993]]
13 329.824 [-0.49565615384631156, -0.41225692307688117] [-0.48349351506034294, -0.4509051872567456] [[-0.49191000000000007, -0.4146700000000001], [-0.49628000000000005, -0.4119600000000001], [-0.49655000000000005, -0.41242], [-0.49441, -0.41300000000000003], [-0.4960500000000001, -0.41186999999999996], [-0.4946999999999999, -0.41223999999999994], [-0.4964299999999999, -0.41169999999999995], [-0.4959499999999999, -0.4124000000000001], [0, 0], [-0.4981500000000001, -0.41133], [-0.49560000000000004, -0.41229000000000005], [-0.49631000000000003, -0.41198], [0, 0], [-0.49673999999999996, -0.41158000000000006], [-0.49445000000000006, -0.41189999999999993]]
13 335.131 [-0.4956561538461539, -0.412256923076923] [-0.48349351506034294, -0.4509051872567456] [[-0.49191000000000007, -0.4146700000000001], [-0.49628000000000005, -0.4119600000000001], [-0.49655000000000005, -0.41242], [-0.49441, -0.41300000000000003], [-0.4960500000000001, -0.41186999999999996], [-0.4946999999999999, -0.41223999999999994], [-0.4964299999999999, -0.41169999999999995], [-0.4959499999999999, -0.4124000000000001], [0, 0], [-0.4981500000000001, -0.41133], [-0.49560000000000004, -0.41229000000000005], [-0.49631000000000003, -0.41198], [0, 0], [-0.49673999999999996, -0.41158000000000006], [-0.49445000000000006, -0.41189999999999993]]
13 340.336 [-0.4954540474507532, -0.412309146108993] [-0.48349351506034294, -0.4509051872567456] [[-0.49191000000000007, -0.4146700000000001], [-0.49628000000000005, -0.4119600000000001], [-0.49655000000000005, -0.41242], [-0.49441, -0.41300000000000003], [-0.4960500000000001, -0.41186999999999996], [-0.4946999999999999, -0.41223999999999994], [-0.4964299999999999, -0.41169999999999995], [-0.4956499999999999, -0.41226000000000007], [0, 0], [-0.4958100000000001, -0.41213999999999995], [-0.49560000000000004, -0.41229000000000005], [-0.49631000000000003, -0.41198], [0, 0], [-0.49673999999999996, -0.41158000000000006], [-0.49445000000000006, -0.41189999999999993]]
13 345.738 [-0.4954339252507278, -0.41230076811214467] [-0.48349351506034294, -0.4509051872567456] [[-0.49191000000000007, -0.4146700000000001], [-0.49628000000000005, -0.4119600000000001], [-0.49655000000000005, -0.41242], [-0.49441, -0.41300000000000003], [-0.4960500000000001, -0.41186999999999996], [-0.4946999999999999, -0.41223999999999994], [-0.4964299999999999, -0.41169999999999995], [-0.49561999999999995, -0.41226000000000007], [0, 0], [-0.49578999999999995, -0.4121300000000001], [-0.49540000000000006, -0.4121999999999999], [-0.49631000000000003, -0.41198], [0, 0], [-0.49673999999999996, -0.41158000000000006], [-0.49445000000000006, -0.41189999999999993]]
13 350.75 [-0.49539699301988244, -0.4122869312465938] [-0.48349351506034294, -0.4509051872567456] [[-0.49191000000000007, -0.4146700000000001], [-0.49628000000000005, -0.4119600000000001], [-0.4960899999999999, -0.4122699999999999], [-0.49441, -0.41300000000000003], [-0.4960500000000001, -0.41186999999999996], [-0.4946999999999999, -0.41223999999999994], [-0.4964299999999999, -0.41169999999999995], [-0.49561999999999995, -0.41226000000000007], [0, 0], [-0.49577000000000004, -0.4120999999999999], [-0.49540000000000006, -0.4121999999999999], [-0.49631000000000003, -0.41198], [0, 0], [-0.49673999999999996, -0.41158000000000006], [-0.49445000000000006, -0.41189999999999993]]
13 355.95 [-0.49540003076934414, -0.4122985641025772] [-0.48349351506034294, -0.4509051872567456] [[-0.49191000000000007, -0.4146700000000001], [-0.49628000000000005, -0.4119600000000001], [-0.4960899999999999, -0.4122699999999999], [-0.49441, -0.41300000000000003], [-0.4960500000000001, -0.41186999999999996], [-0.4946999999999999, -0.41223999999999994], [-0.4964299999999999, -0.41169999999999995], [-0.4956100000000001, -0.41225], [-0.49544999999999995, -0.41246000000000005], [-0.49577000000000004, -0.4120999999999999], [-0.49540000000000006, -0.4121999999999999], [-0.49631000000000003, -0.41198], [0, 0], [-0.49673999999999996, -0.41158000000000006], [-0.49445000000000006, -0.41189999999999993]]
13 361.267 [-0.4953892860049789, -0.41230214282609257] [-0.48349351506034294, -0.4509051872567456] [[-0.49191000000000007, -0.4146700000000001], [-0.49628000000000005, -0.4119600000000001], [-0.4960899999999999, -0.4122699999999999], [-0.49441, -0.41300000000000003], [-0.49593, -0.41191], [-0.4946999999999999, -0.41223999999999994], [-0.4964299999999999, -0.41169999999999995], [-0.4956100000000001, -0.41225], [-0.49541999999999997, -0.4124699999999999], [-0.49577000000000004, -0.4120999999999999], [-0.49540000000000006, -0.4121999999999999], [-0.49631000000000003, -0.41198], [0, 0], [-0.49673999999999996, -0.41158000000000006], [-0.49445000000000006, -0.41189999999999993]]
13 366.575 [-0.4953833390476195, -0.4123020480423279] [-0.48349351506034294, -0.4509051872567456] [[-0.49191000000000007, -0.4146700000000001], [-0.49615999999999993, -0.41198], [-0.4960899999999999, -0.4122699999999999], [-0.49441, -0.41300000000000003], [-0.49593, -0.41191], [-0.4946999999999999, -0.41223999999999994], [-0.4964299999999999, -0.41169999999999995], [-0.4956100000000001, -0.41225], [-0.49544999999999995, -0.41245], [-0.49577000000000004, -0.4120999999999999], [-0.49540000000000006, -0.4121999999999999], [-0.49631000000000003, -0.41198], [0, 0], [-0.49673999999999996, -0.41158000000000006], [-0.49445000000000006, -0.41189999999999993]]
13 371.782 [-0.4953494789443148, -0.4123166732273883] [-0.48349351506034294, -0.4509051872567456] [[-0.49191000000000007, -0.4146700000000001], [-0.4956799999999999, -0.41220999999999997], [-0.4960899999999999, -0.4122699999999999], [-0.49441, -0.41300000000000003], [-0.4959199999999999, -0.41189999999999993], [-0.4946999999999999, -0.41223999999999994], [-0.4964299999999999, -0.41169999999999995], [-0.4956100000000001, -0.41225], [-0.4954400000000001, -0.41245], [-0.49577000000000004, -0.4120999999999999], [-0.49540000000000006, -0.4121999999999999], [-0.49631000000000003, -0.41198], [0, 0], [-0.49673999999999996, -0.41158000000000006], [-0.49445000000000006, -0.41189999999999993]]
13 377.182 [-0.49529123841248257, -0.4123079999692816] [-0.48349351506034294, -0.4509051872567456] [[-0.49191000000000007, -0.4146700000000001], [-0.4956799999999999, -0.41220999999999997], [-0.4960899999999999, -0.4122699999999999], [-0.49441, -0.41300000000000003], [-0.4958100000000001, -0.41192000000000006], [-0.49398999999999993, -0.4120600000000001], [-0.4964299999999999, -0.41169999999999995], [-0.4956100000000001, -0.41225], [-0.49543000000000004, -0.41246000000000005], [-0.49577000000000004, -0.4120999999999999], [-0.49540000000000006, -0.4121999999999999], [-0.49631000000000003, -0.41198], [0, 0], [-0.49673999999999996, -0.41158000000000006], [-0.49445000000000006, -0.41189999999999993]]
13 382.391 [-0.49529357141233044, -0.41230928571259257] [-0.48349351506034294, -0.4509051872567456] [[-0.49191000000000007, -0.4146700000000001], [-0.4956799999999999, -0.41220999999999997], [-0.4960899999999999, -0.4122699999999999], [-0.49441, -0.41300000000000003], [-0.4958100000000001, -0.41192000000000006], [-0.49407, -0.41209000000000007], [-0.4964299999999999, -0.41169999999999995], [-0.4956100000000001, -0.41225], [-0.49543000000000004, -0.41246000000000005], [-0.49577000000000004, -0.4120999999999999], [-0.49540000000000006, -0.4121999999999999], [-0.49631000000000003, -0.41198], [0, 0], [-0.49673999999999996, -0.41158000000000006], [-0.49445000000000006, -0.41189999999999993]]
13 387.696 [-0.4952575483174603, -0.41232808255379183] [-0.48349351506034294, -0.4509051872567456] [[-0.49191000000000007, -0.4146700000000001], [-0.4956799999999999, -0.41220999999999997], [-0.4960899999999999, -0.4122699999999999], [-0.49441, -0.41300000000000003], [-0.4958100000000001, -0.41192000000000006], [-0.4941199999999999, -0.4120999999999999], [-0.4964299999999999, -0.41169999999999995], [-0.4956100000000001, -0.41225], [-0.49541999999999997, -0.41247999999999996], [-0.49577000000000004, -0.4120999999999999], [-0.49540000000000006, -0.4121999999999999], [-0.49571999999999994, -0.4122300000000001], [0, 0], [-0.49673999999999996, -0.41158000000000006], [-0.49445000000000006, -0.41189999999999993]]
13 392.904 [-0.4952438576033558, -0.41233266645344196] [-0.48349351506034294, -0.4509051872567456] [[-0.49191000000000007, -0.4146700000000001], [-0.4956799999999999, -0.41220999999999997], [-0.4960899999999999, -0.4122699999999999], [-0.49441, -0.41300000000000003], [-0.4958100000000001, -0.41192000000000006], [-0.49404000000000003, -0.41213999999999995], [-0.4964299999999999, -0.41169999999999995], [-0.4956100000000001, -0.41225], [-0.4953700000000001, -0.41249], [-0.49577000000000004, -0.4120999999999999], [-0.49540000000000006, -0.4121999999999999], [-0.49570000000000003, -0.4122300000000001], [0, 0], [-0.49673999999999996, -0.41158000000000006], [-0.49445000000000006, -0.41189999999999993]]
13 398.212 [-0.4952435714289483, -0.41233214287100106] [-0.48349351506034294, -0.4509051872567456] [[-0.49191000000000007, -0.4146700000000001], [-0.4956799999999999, -0.41220999999999997], [-0.4960899999999999, -0.4122699999999999], [-0.49441, -0.41300000000000003], [-0.4958100000000001, -0.41192000000000006], [-0.49404000000000003, -0.41213999999999995], [-0.4964299999999999, -0.41169999999999995], [-0.4956100000000001, -0.41225], [-0.4953700000000001, -0.41247999999999996], [-0.49577000000000004, -0.4120999999999999], [-0.49540000000000006, -0.4121999999999999], [-0.49570000000000003, -0.4122300000000001], [0, 0], [-0.49673999999999996, -0.41158000000000006], [-0.49445000000000006, -0.41189999999999993]]
13 403.524 [-0.4952388603174604, -0.4123334761904763] [-0.48349351506034294, -0.4509051872567456] [[-0.49191000000000007, -0.4146700000000001], [-0.4956799999999999, -0.41220999999999997], [-0.4960899999999999, -0.4122699999999999], [-0.49441, -0.41300000000000003], [-0.4958100000000001, -0.41192000000000006], [-0.4939800000000001, -0.4121600000000001], [-0.4964299999999999, -0.41169999999999995], [-0.4956100000000001, -0.41225], [-0.49536, -0.41247999999999996], [-0.49577000000000004, -0.4120999999999999], [-0.49540000000000006, -0.4121999999999999], [-0.49570000000000003, -0.4122300000000001], [0, 0], [-0.49673999999999996, -0.41158000000000006], [-0.49445000000000006, -0.41189999999999993]]
13 408.621 [-0.4952100084659889, -0.4123542795765942] [-0.48349351506034294, -0.4509051872567456] [[-0.49191000000000007, -0.4146700000000001], [-0.4956799999999999, -0.41220999999999997], [-0.4960899999999999, -0.4122699999999999], [-0.49441, -0.41300000000000003], [-0.4954099999999999, -0.41220999999999997], [-0.4939800000000001, -0.4121600000000001], [-0.4964299999999999, -0.41169999999999995], [-0.4956100000000001, -0.41225], [-0.49536, -0.41247999999999996], [-0.49577000000000004, -0.4120999999999999], [-0.49540000000000006, -0.4121999999999999], [-0.49570000000000003, -0.4122300000000001], [0, 0], [-0.49673999999999996, -0.41158000000000006], [-0.49445000000000006, -0.41189999999999993]]
13 413.731 [-0.49521000000001114, -0.4123542857142777] [-0.48349351506034294, -0.4509051872567456] [[-0.49191000000000007, -0.4146700000000001], [-0.4956799999999999, -0.41220999999999997], [-0.4960899999999999, -0.4122699999999999], [-0.49441, -0.41300000000000003], [-0.4954099999999999, -0.41220999999999997], [-0.4939800000000001, -0.4121600000000001], [-0.4964299999999999, -0.41169999999999995], [-0.4956100000000001, -0.41225], [-0.49536, -0.41247999999999996], [-0.49577000000000004, -0.4120999999999999], [-0.49540000000000006, -0.4121999999999999], [-0.49570000000000003, -0.4122300000000001], [0, 0], [-0.49673999999999996, -0.41158000000000006], [-0.49445000000000006, -0.41189999999999993]]
13 419.044 [-0.49521000000000004, -0.41235428571428573] [-0.48349351506034294, -0.4509051872567456] [[-0.49191000000000007, -0.4146700000000001], [-0.4956799999999999, -0.41220999999999997], [-0.4960899999999999, -0.4122699999999999], [-0.49441, -0.41300000000000003], [-0.4954099999999999, -0.41220999999999997], [-0.4939800000000001, -0.4121600000000001], [-0.4964299999999999, -0.41169999999999995], [-0.4956100000000001, -0.41225], [-0.49536, -0.41247999999999996], [-0.49577000000000004, -0.4120999999999999], [-0.49540000000000006, -0.4121999999999999], [-0.49570000000000003, -0.4122300000000001], [0, 0], [-0.49673999999999996, -0.41158000000000006], [-0.49445000000000006, -0.41189999999999993]]
13 424.347 [-0.49521000000000004, -0.41235428571428573] [-0.48349351506034294, -0.4509051872567456] [[-0.49191000000000007, -0.4146700000000001], [-0.4956799999999999, -0.41220999999999997], [-0.4960899999999999, -0.4122699999999999], [-0.49441, -0.41300000000000003], [-0.4954099999999999, -0.41220999999999997], [-0.4939800000000001, -0.4121600000000001], [-0.4964299999999999, -0.41169999999999995], [-0.4956100000000001, -0.41225], [-0.49536, -0.41247999999999996], [-0.49577000000000004, -0.4120999999999999], [-0.49540000000000006, -0.4121999999999999], [-0.49570000000000003, -0.4122300000000001], [0, 0], [-0.49673999999999996, -0.41158000000000006], [-0.49445000000000006, -0.41189999999999993]]
13 429.654 [-0.4951493333333334, -0.41238695238095235] [-0.48349351506034294, -0.4509051872567456] [[-0.49191000000000007, -0.4146700000000001], [-0.4956799999999999, -0.41220999999999997], [-0.4960899999999999, -0.4122699999999999], [-0.49441, -0.41300000000000003], [-0.4954099999999999, -0.41220999999999997], [-0.4939800000000001, -0.4121600000000001], [-0.49551999999999996, -0.41219000000000006], [-0.4956100000000001, -0.41225], [-0.49536, -0.41247999999999996], [-0.49577000000000004, -0.4120999999999999], [-0.49540000000000006, -0.4121999999999999], [-0.49570000000000003, -0.4122300000000001], [0, 0], [-0.49673999999999996, -0.41158000000000006], [-0.49445000000000006, -0.41189999999999993]]
13 434.755 [-0.49514928571434846, -0.4123921428503076] [-0.48349351506034294, -0.4509051872567456] [[-0.49191000000000007, -0.4146700000000001], [-0.4956799999999999, -0.41220999999999997], [-0.4960899999999999, -0.4122699999999999], [-0.49441, -0.41300000000000003], [-0.4954099999999999, -0.41220999999999997], [-0.4939800000000001, -0.4121600000000001], [-0.4955799999999999, -0.4122300000000001], [-0.4956100000000001, -0.41225], [-0.49536, -0.41247999999999996], [-0.49577000000000004, -0.4120999999999999], [-0.49540000000000006, -0.4121999999999999], [-0.49570000000000003, -0.4122300000000001], [0, 0], [-0.49673999999999996, -0.41158000000000006], [-0.49445000000000006, -0.41189999999999993]]
13 439.964 [-0.49514928571428574, -0.4123921428571428] [-0.48349351506034294, -0.4509051872567456] [[-0.49191000000000007, -0.4146700000000001], [-0.4956799999999999, -0.41220999999999997], [-0.4960899999999999, -0.4122699999999999], [-0.49441, -0.41300000000000003], [-0.4954099999999999, -0.41220999999999997], [-0.4939800000000001, -0.4121600000000001], [-0.4955799999999999, -0.4122300000000001], [-0.4956100000000001, -0.41225], [-0.49536, -0.41247999999999996], [-0.49577000000000004, -0.4120999999999999], [-0.49540000000000006, -0.4121999999999999], [-0.49570000000000003, -0.4122300000000001], [0, 0], [-0.49673999999999996, -0.41158000000000006], [-0.49445000000000006, -0.41189999999999993]]
13 445.474 [-0.49514928571428574, -0.4123921428571428] [-0.48349351506034294, -0.4509051872567456] [[-0.49191000000000007, -0.4146700000000001], [-0.4956799999999999, -0.41220999999999997], [-0.4960899999999999, -0.4122699999999999], [-0.49441, -0.41300000000000003], [-0.4954099999999999, -0.41220999999999997], [-0.4939800000000001, -0.4121600000000001], [-0.4955799999999999, -0.4122300000000001], [-0.4956100000000001, -0.41225], [-0.49536, -0.41247999999999996], [-0.49577000000000004, -0.4120999999999999], [-0.49540000000000006, -0.4121999999999999], [-0.49570000000000003, -0.4122300000000001], [0, 0], [-0.49673999999999996, -0.41158000000000006], [-0.49445000000000006, -0.41189999999999993]]
13 450.874 [-0.49514928571428574, -0.4123921428571428] [-0.48349351506034294, -0.4509051872567456] [[-0.49191000000000007, -0.4146700000000001], [-0.4956799999999999, -0.41220999999999997], [-0.4960899999999999, -0.4122699999999999], [-0.49441, -0.41300000000000003], [-0.4954099999999999, -0.41220999999999997], [-0.4939800000000001, -0.4121600000000001], [-0.4955799999999999, -0.4122300000000001], [-0.4956100000000001, -0.41225], [-0.49536, -0.41247999999999996], [-0.49577000000000004, -0.4120999999999999], [-0.49540000000000006, -0.4121999999999999], [-0.49570000000000003, -0.4122300000000001], [0, 0], [-0.49673999999999996, -0.41158000000000006], [-0.49445000000000006, -0.41189999999999993]]
13 455.887 [-0.49514928571428574, -0.4123921428571428] [-0.48349351506034294, -0.4509051872567456] [[-0.49191000000000007, -0.4146700000000001], [-0.4956799999999999, -0.41220999999999997], [-0.4960899999999999, -0.4122699999999999], [-0.49441, -0.41300000000000003], [-0.4954099999999999, -0.41220999999999997], [-0.4939800000000001, -0.4121600000000001], [-0.4955799999999999, -0.4122300000000001], [-0.4956100000000001, -0.41225], [-0.49536, -0.41247999999999996], [-0.49577000000000004, -0.4120999999999999], [-0.49540000000000006, -0.4121999999999999], [-0.49570000000000003, -0.4122300000000001], [0, 0], [-0.49673999999999996, -0.41158000000000006], [-0.49445000000000006, -0.41189999999999993]]
13 461.195 [-0.49514928571428574, -0.4123921428571428] [-0.48349351506034294, -0.4509051872567456] [[-0.49191000000000007, -0.4146700000000001], [-0.4956799999999999, -0.41220999999999997], [-0.4960899999999999, -0.4122699999999999], [-0.49441, -0.41300000000000003], [-0.4954099999999999, -0.41220999999999997], [-0.4939800000000001, -0.4121600000000001], [-0.4955799999999999, -0.4122300000000001], [-0.4956100000000001, -0.41225], [-0.49536, -0.41247999999999996], [-0.49577000000000004, -0.4120999999999999], [-0.49540000000000006, -0.4121999999999999], [-0.49570000000000003, -0.4122300000000001], [0, 0], [-0.49673999999999996, -0.41158000000000006], [-0.49445000000000006, -0.41189999999999993]]
13 466.304 [-0.49514071168959434, -0.4123957142151676] [-0.48349351506034294, -0.4509051872567456] [[-0.49191000000000007, -0.4146700000000001], [-0.49556, -0.41226000000000007], [-0.4960899999999999, -0.4122699999999999], [-0.49441, -0.41300000000000003], [-0.4954099999999999, -0.41220999999999997], [-0.4939800000000001, -0.4121600000000001], [-0.4955799999999999, -0.4122300000000001], [-0.4956100000000001, -0.41225], [-0.49536, -0.41247999999999996], [-0.49577000000000004, -0.4120999999999999], [-0.49540000000000006, -0.4121999999999999], [-0.49570000000000003, -0.4122300000000001], [0, 0], [-0.49673999999999996, -0.41158000000000006], [-0.49445000000000006, -0.41189999999999993]]
13 471.504 [-0.49540285683715124, -0.4122157147861258] [-0.48349351506034294, -0.4509051872567456] [[-0.49561999999999995, -0.41218], [-0.49551999999999996, -0.4122300000000001], [-0.4960899999999999, -0.4122699999999999], [-0.49441, -0.41300000000000003], [-0.4954099999999999, -0.41220999999999997], [-0.4939800000000001, -0.4121600000000001], [-0.4955799999999999, -0.4122300000000001], [-0.4956100000000001, -0.41225], [-0.49536, -0.41247999999999996], [-0.49577000000000004, -0.4120999999999999], [-0.49540000000000006, -0.4121999999999999], [-0.49570000000000003, -0.4122300000000001], [0, 0], [-0.49673999999999996, -0.41158000000000006], [-0.49445000000000006, -0.41189999999999993]]
13 476.711 [-0.49542432973544936, -0.4122107145820113] [-0.48349351506034294, -0.4509051872567456] [[-0.49561999999999995, -0.41218], [-0.49551999999999996, -0.4122300000000001], [-0.4960899999999999, -0.4122699999999999], [-0.49441, -0.41300000000000003], [-0.4954099999999999, -0.41220999999999997], [-0.4939800000000001, -0.4121600000000001], [-0.4955799999999999, -0.4122300000000001], [-0.4956100000000001, -0.41225], [-0.49536, -0.41247999999999996], [-0.49577000000000004, -0.4120999999999999], [-0.49570000000000003, -0.4121300000000001], [-0.49570000000000003, -0.4122300000000001], [0, 0], [-0.49673999999999996, -0.41158000000000006], [-0.49445000000000006, -0.41189999999999993]]
13 481.931 [-0.49543928545755367, -0.41221071429888345] [-0.48349351506034294, -0.4509051872567456] [[-0.49561999999999995, -0.41218], [-0.49551999999999996, -0.4122300000000001], [-0.4960899999999999, -0.4122699999999999], [-0.49441, -0.41300000000000003], [-0.4954099999999999, -0.41220999999999997], [-0.4939800000000001, -0.4121600000000001], [-0.49578999999999995, -0.4122300000000001], [-0.4956100000000001, -0.41225], [-0.49536, -0.41247999999999996], [-0.49577000000000004, -0.4120999999999999], [-0.49570000000000003, -0.4121300000000001], [-0.49570000000000003, -0.4122300000000001], [0, 0], [-0.49673999999999996, -0.41158000000000006], [-0.49445000000000006, -0.41189999999999993]]
13 487.025 [-0.49543928571428547, -0.4122100000141094] [-0.48349351506034294, -0.4509051872567456] [[-0.49561999999999995, -0.4121699999999999], [-0.49551999999999996, -0.4122300000000001], [-0.4960899999999999, -0.4122699999999999], [-0.49441, -0.41300000000000003], [-0.4954099999999999, -0.41220999999999997], [-0.4939800000000001, -0.4121600000000001], [-0.49578999999999995, -0.4122300000000001], [-0.4956100000000001, -0.41225], [-0.49536, -0.41247999999999996], [-0.49577000000000004, -0.4120999999999999], [-0.49570000000000003, -0.4121300000000001], [-0.49570000000000003, -0.4122300000000001], [0, 0], [-0.49673999999999996, -0.41158000000000006], [-0.49445000000000006, -0.41189999999999993]]
13 492.14 [-0.49543928571428586, -0.41221] [-0.48349351506034294, -0.4509051872567456] [[-0.49561999999999995, -0.4121699999999999], [-0.49551999999999996, -0.4122300000000001], [-0.4960899999999999, -0.4122699999999999], [-0.49441, -0.41300000000000003], [-0.4954099999999999, -0.41220999999999997], [-0.4939800000000001, -0.4121600000000001], [-0.49578999999999995, -0.4122300000000001], [-0.4956100000000001, -0.41225], [-0.49536, -0.41247999999999996], [-0.49577000000000004, -0.4120999999999999], [-0.49570000000000003, -0.4121300000000001], [-0.49570000000000003, -0.4122300000000001], [0, 0], [-0.49673999999999996, -0.41158000000000006], [-0.49445000000000006, -0.41189999999999993]]
13 497.446 [-0.4954342871957672, -0.41219928888888896] [-0.48349351506034294, -0.4509051872567456] [[-0.49561999999999995, -0.4121699999999999], [-0.49551999999999996, -0.4122300000000001], [-0.4960199999999999, -0.41212000000000004], [-0.49441, -0.41300000000000003], [-0.4954099999999999, -0.41220999999999997], [-0.4939800000000001, -0.4121600000000001], [-0.49578999999999995, -0.4122300000000001], [-0.4956100000000001, -0.41225], [-0.49536, -0.41247999999999996], [-0.49577000000000004, -0.4120999999999999], [-0.49570000000000003, -0.4121300000000001], [-0.49570000000000003, -0.4122300000000001], [0, 0], [-0.49673999999999996, -0.41158000000000006], [-0.49445000000000006, -0.41189999999999993]]
13 502.754 [-0.49543428571428766, -0.41219857164021584] [-0.48349351506034294, -0.4509051872567456] [[-0.49561999999999995, -0.4121699999999999], [-0.49551999999999996, -0.4122300000000001], [-0.4960199999999999, -0.41212000000000004], [-0.49441, -0.41300000000000003], [-0.4954099999999999, -0.41220999999999997], [-0.4939800000000001, -0.4121600000000001], [-0.49578999999999995, -0.41222000000000003], [-0.4956100000000001, -0.41225], [-0.49536, -0.41247999999999996], [-0.49577000000000004, -0.4120999999999999], [-0.49570000000000003, -0.4121300000000001], [-0.49570000000000003, -0.4122300000000001], [0, 0], [-0.49673999999999996, -0.41158000000000006], [-0.49445000000000006, -0.41189999999999993]]
13 508.044 [-0.49543357183774256, -0.41219785735449765] [-0.48349351506034294, -0.4509051872567456] [[-0.49561999999999995, -0.4121699999999999], [-0.49551999999999996, -0.4122300000000001], [-0.49601000000000006, -0.41211], [-0.49441, -0.41300000000000003], [-0.4954099999999999, -0.41220999999999997], [-0.4939800000000001, -0.4121600000000001], [-0.49578999999999995, -0.41222000000000003], [-0.4956100000000001, -0.41225], [-0.49536, -0.41247999999999996], [-0.49577000000000004, -0.4120999999999999], [-0.49570000000000003, -0.4121300000000001], [-0.49570000000000003, -0.4122300000000001], [0, 0], [-0.49673999999999996, -0.41158000000000006], [-0.49445000000000006, -0.41189999999999993]]
13 513.264 [-0.4954192857330988, -0.41221928568606736] [-0.48349351506034294, -0.4509051872567456] [[-0.49561999999999995, -0.4121699999999999], [-0.49551999999999996, -0.4122300000000001], [-0.49601000000000006, -0.41211], [-0.49441, -0.41300000000000003], [-0.4954099999999999, -0.41220999999999997], [-0.4939800000000001, -0.4121600000000001], [-0.49578999999999995, -0.41222000000000003], [-0.4956100000000001, -0.41225], [-0.49536, -0.41247999999999996], [-0.49577000000000004, -0.4120999999999999], [-0.49570000000000003, -0.4121300000000001], [-0.49570000000000003, -0.4122300000000001], [0, 0], [-0.49654, -0.41188], [-0.49445000000000006, -0.41189999999999993]]
13 518.469 [-0.49541928571428584, -0.41221928571428573] [-0.48349351506034294, -0.4509051872567456] [[-0.49561999999999995, -0.4121699999999999], [-0.49551999999999996, -0.4122300000000001], [-0.49601000000000006, -0.41211], [-0.49441, -0.41300000000000003], [-0.4954099999999999, -0.41220999999999997], [-0.4939800000000001, -0.4121600000000001], [-0.49578999999999995, -0.41222000000000003], [-0.4956100000000001, -0.41225], [-0.49536, -0.41247999999999996], [-0.49577000000000004, -0.4120999999999999], [-0.49570000000000003, -0.4121300000000001], [-0.49570000000000003, -0.4122300000000001], [0, 0], [-0.49654, -0.41188], [-0.49445000000000006, -0.41189999999999993]]
13 523.78 [-0.49541644126984136, -0.4122214190476191] [-0.48349351506034294, -0.4509051872567456] [[-0.49561999999999995, -0.4121699999999999], [-0.49551999999999996, -0.4122300000000001], [-0.49601000000000006, -0.41211], [-0.49441, -0.41300000000000003], [-0.4954099999999999, -0.41220999999999997], [-0.4939800000000001, -0.4121600000000001], [-0.49578999999999995, -0.41222000000000003], [-0.4956100000000001, -0.41225], [-0.49536, -0.41247999999999996], [-0.49577000000000004, -0.4120999999999999], [-0.49570000000000003, -0.4121300000000001], [-0.49570000000000003, -0.4122300000000001], [0, 0], [-0.49649999999999994, -0.41191], [-0.49445000000000006, -0.41189999999999993]]
13 528.988 [-0.4954128572265893, -0.41222214284302106] [-0.48349351506034294, -0.4509051872567456] [[-0.49561999999999995, -0.4121699999999999], [-0.49551999999999996, -0.4122300000000001], [-0.49601000000000006, -0.41211], [-0.49441, -0.41300000000000003], [-0.4954099999999999, -0.41220999999999997], [-0.4939800000000001, -0.4121600000000001], [-0.49578999999999995, -0.41222000000000003], [-0.49554999999999993, -0.41226000000000007], [-0.49536, -0.41247999999999996], [-0.49577000000000004, -0.4120999999999999], [-0.49570000000000003, -0.4121300000000001], [-0.49570000000000003, -0.4122300000000001], [0, 0], [-0.49651, -0.41191], [-0.49445000000000006, -0.41189999999999993]]
13 534.189 [-0.4954121904761907, -0.4122221428571429] [-0.48349351506034294, -0.4509051872567456] [[-0.49561999999999995, -0.4121699999999999], [-0.49553, -0.4122300000000001], [-0.49601000000000006, -0.41211], [-0.49441, -0.41300000000000003], [-0.4954099999999999, -0.41220999999999997], [-0.4939800000000001, -0.4121600000000001], [-0.49578999999999995, -0.41222000000000003], [-0.49554999999999993, -0.41226000000000007], [-0.49536, -0.41247999999999996], [-0.49577000000000004, -0.4120999999999999], [-0.49570000000000003, -0.4121300000000001], [-0.49570000000000003, -0.4122300000000001], [0, 0], [-0.4964900000000001, -0.41191], [-0.49445000000000006, -0.41189999999999993]]
13 539.603 [-0.4954121428572057, -0.4122221428571429] [-0.48349351506034294, -0.4509051872567456] [[-0.49561999999999995, -0.4121699999999999], [-0.49553, -0.4122300000000001], [-0.49601000000000006, -0.41211], [-0.49441, -0.41300000000000003], [-0.4954099999999999, -0.41220999999999997], [-0.4939800000000001, -0.4121600000000001], [-0.49578999999999995, -0.41222000000000003], [-0.49554999999999993, -0.41226000000000007], [-0.49536, -0.41247999999999996], [-0.49577000000000004, -0.4120999999999999], [-0.49570000000000003, -0.4121300000000001], [-0.49570000000000003, -0.4122300000000001], [0, 0], [-0.4964900000000001, -0.41191], [-0.49445000000000006, -0.41189999999999993]]
13 544.809 [-0.4954377134250441, -0.4122271905608466] [-0.48349351506034294, -0.4509051872567456] [[-0.49561999999999995, -0.4121699999999999], [-0.49553, -0.4122300000000001], [-0.49601000000000006, -0.41211], [-0.49441, -0.41300000000000003], [-0.4956799999999999, -0.4121999999999999], [-0.4939800000000001, -0.4121600000000001], [-0.49578999999999995, -0.41222000000000003], [-0.49554999999999993, -0.41226000000000007], [-0.49536, -0.41247999999999996], [-0.49585999999999997, -0.41218], [-0.49570000000000003, -0.4121300000000001], [-0.49570000000000003, -0.4122300000000001], [0, 0], [-0.4964900000000001, -0.41191], [-0.49445000000000006, -0.41189999999999993]]
13 550.007 [-0.49556989883484903, -0.41222857100535387] [-0.48349351506034294, -0.4509051872567456] [[-0.49561999999999995, -0.4121699999999999], [-0.49553, -0.4122300000000001], [-0.49601000000000006, -0.41211], [-0.49441, -0.41300000000000003], [-0.49568999999999996, -0.4121999999999999], [-0.4958, -0.41218], [-0.49578999999999995, -0.41222000000000003], [-0.49554999999999993, -0.41226000000000007], [-0.49536, -0.41247999999999996], [-0.4958800000000001, -0.41218], [-0.49570000000000003, -0.4121300000000001], [-0.49570000000000003, -0.4122300000000001], [0, 0], [-0.4964900000000001, -0.41191], [-0.49445000000000006, -0.41189999999999993]]
13 555.129 [-0.4955792853332001, -0.4122285714285709] [-0.48349351506034294, -0.4509051872567456] [[-0.4957499999999999, -0.4121699999999999], [-0.49553, -0.4122300000000001], [-0.49601000000000006, -0.41211], [-0.49441, -0.41300000000000003], [-0.49568999999999996, -0.4121999999999999], [-0.4958, -0.41218], [-0.49578999999999995, -0.41222000000000003], [-0.49554999999999993, -0.41226000000000007], [-0.49536, -0.41247999999999996], [-0.4958800000000001, -0.41218], [-0.49570000000000003, -0.4121300000000001], [-0.49570000000000003, -0.4122300000000001], [0, 0], [-0.4964900000000001, -0.41191], [-0.49445000000000006, -0.41189999999999993]]
13 560.333 [-0.4955792857142852, -0.4122285714285715] [-0.48349351506034294, -0.4509051872567456] [[-0.4957499999999999, -0.4121699999999999], [-0.49553, -0.4122300000000001], [-0.49601000000000006, -0.41211], [-0.49441, -0.41300000000000003], [-0.49568999999999996, -0.4121999999999999], [-0.4958, -0.41218], [-0.49578999999999995, -0.41222000000000003], [-0.49554999999999993, -0.41226000000000007], [-0.49536, -0.41247999999999996], [-0.4958800000000001, -0.41218], [-0.49570000000000003, -0.4121300000000001], [-0.49570000000000003, -0.4122300000000001], [0, 0], [-0.4964900000000001, -0.41191], [-0.49445000000000006, -0.41189999999999993]]
13 565.537 [-0.49557928571428567, -0.4122285714285715] [-0.48349351506034294, -0.4509051872567456] [[-0.4957499999999999, -0.4121699999999999], [-0.49553, -0.4122300000000001], [-0.49601000000000006, -0.41211], [-0.49441, -0.41300000000000003], [-0.49568999999999996, -0.4121999999999999], [-0.4958, -0.41218], [-0.49578999999999995, -0.41222000000000003], [-0.49554999999999993, -0.41226000000000007], [-0.49536, -0.41247999999999996], [-0.4958800000000001, -0.41218], [-0.49570000000000003, -0.4121300000000001], [-0.49570000000000003, -0.4122300000000001], [0, 0], [-0.4964900000000001, -0.41191], [-0.49445000000000006, -0.41189999999999993]]
13 570.747 [-0.4955799999990594, -0.4122285714285715] [-0.48349351506034294, -0.4509051872567456] [[-0.4957499999999999, -0.4121699999999999], [-0.49553, -0.4122300000000001], [-0.49601000000000006, -0.41211], [-0.49441, -0.41300000000000003], [-0.49568999999999996, -0.4121999999999999], [-0.4958100000000001, -0.41218], [-0.49578999999999995, -0.41222000000000003], [-0.49554999999999993, -0.41226000000000007], [-0.49536, -0.41247999999999996], [-0.4958800000000001, -0.41218], [-0.49570000000000003, -0.4121300000000001], [-0.49570000000000003, -0.4122300000000001], [0, 0], [-0.4964900000000001, -0.41191], [-0.49445000000000006, -0.41189999999999993]]
13 576.049 [-0.495582847618107, -0.4122285714285715] [-0.48349351506034294, -0.4509051872567456] [[-0.49578999999999995, -0.4121699999999999], [-0.49553, -0.4122300000000001], [-0.49601000000000006, -0.41211], [-0.49441, -0.41300000000000003], [-0.49568999999999996, -0.4121999999999999], [-0.4958100000000001, -0.41218], [-0.49578999999999995, -0.41222000000000003], [-0.49554999999999993, -0.41226000000000007], [-0.49536, -0.41247999999999996], [-0.4958800000000001, -0.41218], [-0.49570000000000003, -0.4121300000000001], [-0.49570000000000003, -0.4122300000000001], [0, 0], [-0.4964900000000001, -0.41191], [-0.49445000000000006, -0.41189999999999993]]
13 581.355 [-0.4955907119576595, -0.4122271432804233] [-0.48349351506034294, -0.4509051872567456] [[-0.49578999999999995, -0.4121699999999999], [-0.49553, -0.4122300000000001], [-0.49601000000000006, -0.41211], [-0.49441, -0.41300000000000003], [-0.4958, -0.41218], [-0.4958100000000001, -0.41218], [-0.49578999999999995, -0.41222000000000003], [-0.49554999999999993, -0.41226000000000007], [-0.49536, -0.41247999999999996], [-0.4958800000000001, -0.41218], [-0.49570000000000003, -0.4121300000000001], [-0.49570000000000003, -0.4122300000000001], [0, 0], [-0.4964900000000001, -0.41191], [-0.49445000000000006, -0.41189999999999993]]
13 586.763 [-0.49559071428571133, -0.41222714285714346] [-0.48349351506034294, -0.4509051872567456] [[-0.49578999999999995, -0.4121699999999999], [-0.49553, -0.4122300000000001], [-0.49601000000000006, -0.41211], [-0.49441, -0.41300000000000003], [-0.4958, -0.41218], [-0.4958100000000001, -0.41218], [-0.49578999999999995, -0.41222000000000003], [-0.49554999999999993, -0.41226000000000007], [-0.49536, -0.41247999999999996], [-0.4958800000000001, -0.41218], [-0.49570000000000003, -0.4121300000000001], [-0.49570000000000003, -0.4122300000000001], [0, 0], [-0.4964900000000001, -0.41191], [-0.49445000000000006, -0.41189999999999993]]
13 591.863 [-0.49559071428571433, -0.41222714285714285] [-0.48349351506034294, -0.4509051872567456] [[-0.49578999999999995, -0.4121699999999999], [-0.49553, -0.4122300000000001], [-0.49601000000000006, -0.41211], [-0.49441, -0.41300000000000003], [-0.4958, -0.41218], [-0.4958100000000001, -0.41218], [-0.49578999999999995, -0.41222000000000003], [-0.49554999999999993, -0.41226000000000007], [-0.49536, -0.41247999999999996], [-0.4958800000000001, -0.41218], [-0.49570000000000003, -0.4121300000000001], [-0.49570000000000003, -0.4122300000000001], [0, 0], [-0.4964900000000001, -0.41191], [-0.49445000000000006, -0.41189999999999993]]
13 596.976 [-0.49559071428571433, -0.41222714285714285] [-0.48349351506034294, -0.4509051872567456] [[-0.49578999999999995, -0.4121699999999999], [-0.49553, -0.4122300000000001], [-0.49601000000000006, -0.41211], [-0.49441, -0.41300000000000003], [-0.4958, -0.41218], [-0.4958100000000001, -0.41218], [-0.49578999999999995, -0.41222000000000003], [-0.49554999999999993, -0.41226000000000007], [-0.49536, -0.41247999999999996], [-0.4958800000000001, -0.41218], [-0.49570000000000003, -0.4121300000000001], [-0.49570000000000003, -0.4122300000000001], [0, 0], [-0.4964900000000001, -0.41191], [-0.49445000000000006, -0.41189999999999993]]
