ID TIME ESTIMATE W B S1 S2 S3
8 0.002 0.125 0 3 0 0 0
8 0.97 0.214 1 5 0.0 0.0 0.7490196078431373
8 2.959 0.15 1 8 0.0 0.0 0.0
8 5.005 0.346 4 8 1.0 1.0 1.0
8 6.95 0.469 7 8 1.0 1.0 1.0
8 7.958 0.553 10 8 1.0 1.0 1.0
8 8.996 0.614 13 8 1.0 1.0 1.0
8 10.954 0.58 14 10 0.1803921568627451 0.0 0.0
8 11.955 0.518 14 13 0.0 0.0 0.0
8 13.959 0.468 14 16 0.0 0.0 0.0
8 14.991 0.426 14 19 0.0 0.0 0.0
8 16.014 0.392 14 22 0.0 0.0 0.0
8 17.023 0.362 14 25 0.0 0.0 0.0
8 18.992 0.384 16 26 0.0 0.24313725490196078 1.0
8 21.021 0.402 18 27 1.0 1.0 0.0
8 22.989 0.378 18 30 0.0 0.0 0.0
8 23.998 0.356 18 33 0.0 0.0 0.0
8 25.007 0.336 18 36 0.0 0.0 0.0
8 26.996 0.319 18 39 0.0 0.0 0.0
8 29.005 0.303 18 42 0.0 0.0 0.0
8 30.984 0.289 18 45 0.0 0.0 0.0
8 32.011 0.276 18 48 0.0 0.0 0.0
8 33.953 0.264 18 51 0.0 0.0 0.0
8 35.004 0.253 18 54 0.0 0.0 0.0
8 37.013 0.243 18 57 0.0 0.0 0.0
8 38.997 0.234 18 60 0.0 0.0 0.0
8 41.005 0.238 19 62 0.0 0.0 1.0
8 43.0 0.265 22 62 1.0 1.0 1.0
8 45.007 0.256 22 65 0.0 0.0 0.0
8 47.004 0.28 25 65 1.0 1.0 1.0
8 49.012 0.271 25 68 0.0 0.0 0.0
8 50.957 0.263 25 71 0.0 0.0 0.0
8 52.006 0.255 25 74 0.0 0.0 0.0
8 53.958 0.277 28 74 1.0 1.0 1.0
8 54.981 0.297 31 74 1.0 1.0 1.0
8 56.956 0.289 31 77 0.0 0.0 0.0
8 57.997 0.281 31 80 0.0 0.0 0.0
8 60.001 0.274 31 83 0.0 0.0 0.0
8 62.004 0.267 31 86 0.0 0.0 0.0
8 63.019 0.26 31 89 0.0 0.0 0.0
8 65.007 0.254 31 92 0.0 0.0 0.0
8 66.987 0.248 31 95 0.0 0.0 0.0
8 68.024 0.25 32 97 1.0 0.0 0.0
8 69.961 0.244 32 100 0.0 0.0 0.0
8 71.005 0.239 32 103 0.0 0.0 0.0
8 72.978 0.234 32 106 0.0 0.0 0.0
8 74.0 0.229 32 109 0.0 0.0 0.0
8 75.991 0.224 32 112 0.0 0.0 0.0
8 77.998 0.22 32 115 0.0 0.0 0.0
8 79.005 0.215 32 118 0.0 0.0 0.0
8 80.989 0.211 32 121 0.0 0.0 0.0
8 82.963 0.213 33 123 0.0 0.0 1.0
8 84.998 0.209 33 126 0.0 0.0 0.0
8 86.004 0.224 36 126 1.0 1.0 1.0
8 87.976 0.226 37 128 0.0 0.0 1.0
8 88.985 0.24 40 128 1.0 1.0 1.0
8 90.957 0.235 40 131 0.0 0.0 0.0
8 91.96 0.231 40 134 0.0 0.0 0.0
8 92.998 0.228 40 137 0.0 0.0 0.0
8 94.995 0.224 40 140 0.0 0.0 0.0
8 96.996 0.226 41 142 0.0 0.0 1.0
8 99.023 0.238 44 142 1.0 1.0 1.0
8 101.001 0.234 44 145 0.0 0.0 0.0
8 102.964 0.231 44 148 0.0 0.0 0.0
8 104.968 0.227 44 151 0.0 0.0 0.0
8 105.992 0.224 44 154 0.0 0.0 0.0
8 108.002 0.22 44 157 0.0 0.0 0.0
8 109.979 0.217 44 160 0.0 0.0 0.0
8 111.012 0.214 44 163 0.0 0.0 0.0
8 113.02 0.225 47 163 1.0 1.0 1.0
8 114.992 0.222 47 166 0.0 0.0 0.0
8 116.98 0.219 47 169 0.0 0.0 0.0
8 118.001 0.22 48 171 0.0 0.0 0.1803921568627451
8 120.007 0.222 49 173 0.0 0.0 0.7490196078431373
8 122.002 0.232 52 173 1.0 1.0 1.0
8 123.007 0.229 52 176 0.0 0.0 0.0
8 125.002 0.239 55 176 1.0 1.0 1.0
8 126.016 0.24 56 178 0.0 0.0 0.7490196078431373
8 128.003 0.25 59 178 1.0 1.0 1.0
8 130.006 0.247 59 181 0.0 0.0 0.0
8 131.97 0.244 59 184 0.0 0.0 0.0
8 133.979 0.253 62 184 1.0 1.0 0.24313725490196078
8 136.005 0.262 65 184 1.0 1.0 1.0
8 137.993 0.259 65 187 0.0 0.0 0.0
8 139.034 0.256 65 190 0.0 0.0 0.0
8 140.997 0.253 65 193 0.0 0.0 0.0
8 142.968 0.25 65 196 0.0 0.0 0.0
8 144.989 0.247 65 199 0.0 0.0 0.0
8 147.004 0.244 65 202 0.0 0.0 0.0
8 149.007 0.242 65 205 0.0 0.0 0.0
8 151.003 0.239 65 208 0.0 0.0 0.0
8 152.017 0.236 65 211 0.0 0.0 0.0
8 153.022 0.234 65 214 0.0 0.0 0.0
8 155.025 0.231 65 217 0.0 0.0 0.0
8 157.003 0.229 65 220 0.0 0.0 0.0
8 159.003 0.227 65 223 0.0 0.0 0.0
8 161.0 0.231 67 224 1.0 1.0 0.0
8 163.021 0.239 70 224 1.0 1.0 1.0
8 165.0 0.237 70 227 0.0 0.0 0.0
8 167.025 0.241 72 228 0.0 1.0 1.0
8 169.015 0.238 72 231 0.0 0.0 0.0
8 171.011 0.246 75 231 1.0 1.0 1.0
8 173.013 0.247 76 233 0.0 0.0 1.0
8 174.028 0.244 76 236 0.0 0.0 0.0
8 176.011 0.242 76 239 0.0 0.0 0.0
8 178.014 0.24 76 242 0.0 0.0 0.0
8 180.006 0.238 76 245 0.0 0.0 0.0
8 181.994 0.238 77 247 1.0 0.0 0.0
8 183.992 0.245 80 247 1.0 1.0 1.0
8 185.012 0.243 80 250 0.0 0.0 0.0
8 186.973 0.241 80 253 0.0 0.0 0.0
8 188.017 0.239 80 256 0.0 0.0 0.0
8 189.97 0.237 80 259 0.0 0.0 0.0
8 190.975 0.235 80 262 0.0 0.0 0.0
8 192.026 0.233 80 265 0.0 0.0 0.0
8 194.014 0.231 80 268 0.0 0.0 0.0
8 196.036 0.229 80 271 0.0 0.0 0.0
8 198.0 0.235 83 271 1.0 1.0 1.0
8 200.021 0.233 83 274 0.0 0.0 0.0
8 202.019 0.24 86 274 1.0 1.0 1.0
8 203.971 0.246 89 274 1.0 1.0 1.0
8 205.041 0.249 91 275 0.7490196078431373 0.24313725490196078 0.0
8 207.04 0.247 91 278 0.0 0.0 0.0
8 209.01 0.245 91 281 0.0 0.0 0.0
8 210.037 0.243 91 284 0.0 0.0 0.0
8 212.006 0.241 91 287 0.0 0.0 0.0
8 213.036 0.247 94 287 0.24313725490196078 0.7490196078431373 1.0
8 214.975 0.253 97 287 0.7490196078431373 0.7490196078431373 0.24313725490196078
8 215.987 0.254 98 289 0.7490196078431373 0.0 0.0
8 217.02 0.26 101 289 1.0 1.0 1.0
8 219.023 0.258 101 292 0.0 0.0 0.0
8 221.031 0.256 101 295 0.0 0.0 0.0
8 222.981 0.256 102 297 0.0 0.0 0.24313725490196078
8 224.03 0.257 103 299 0.0 0.0 1.0
8 225.988 0.26 105 300 1.0 1.0 0.0
8 227.024 0.263 107 301 1.0 0.24313725490196078 0.0
8 228.985 0.261 107 304 0.0 0.0 0.0
8 231.027 0.259 107 307 0.0 0.0 0.0
8 233.026 0.264 110 307 1.0 1.0 1.0
8 235.013 0.27 113 307 1.0 1.0 1.0
8 237.004 0.268 113 310 0.0 0.0 0.0
8 238.009 0.268 114 312 0.0 0.0 0.7490196078431373
8 240.01 0.273 117 312 1.0 1.0 1.0
8 242.009 0.271 117 315 0.0 0.0 0.0
8 243.023 0.269 117 318 0.0 0.0 0.0
8 244.982 0.274 120 318 1.0 1.0 1.0
8 245.993 0.277 122 319 1.0 1.0 0.0
8 248.009 0.275 122 322 0.0 0.0 0.0
8 249.986 0.273 122 325 0.0 0.0 0.0
8 251.993 0.274 123 327 0.0 0.0 1.0
8 253.975 0.272 123 330 0.0 0.0 0.0
8 255.021 0.27 123 333 0.0 0.0 0.0
8 257.01 0.268 123 336 0.0 0.0 0.0
8 258.976 0.267 123 339 0.0 0.0 0.0
8 259.994 0.265 123 342 0.0 0.0 0.0
8 262.022 0.263 123 345 0.0 0.0 0.0
8 264.018 0.262 123 348 0.0 0.0 0.0
8 265.977 0.26 123 351 0.0 0.0 0.0
8 267.03 0.258 123 354 0.0 0.0 0.0
8 268.989 0.257 123 357 0.0 0.0 0.0
8 270.981 0.259 125 358 0.24313725490196078 1.0 0.0
8 271.987 0.264 128 358 1.0 1.0 1.0
8 273.04 0.266 130 359 1.0 0.7490196078431373 0.0
8 274.983 0.265 130 362 0.0 0.0 0.0
8 276.033 0.263 130 365 0.0 0.0 0.0
8 278.036 0.262 130 368 0.0 0.0 0.0
8 279.978 0.266 133 368 1.0 1.0 0.7490196078431373
8 280.984 0.27 136 368 1.0 1.0 1.0
8 282.04 0.269 136 371 0.0 0.0 0.0
8 283.979 0.273 139 371 1.0 1.0 1.0
8 285.98 0.271 139 374 0.0 0.0 0.0
8 286.989 0.27 139 377 0.0 0.0 0.0
8 287.99 0.268 139 380 0.0 0.0 0.0
8 289.983 0.272 142 380 1.0 1.0 1.0
8 291.005 0.277 145 380 1.0 1.0 1.0
8 292.992 0.275 145 383 0.0 0.0 0.0
8 295.024 0.273 145 386 0.0 0.0 0.0
8 296.995 0.272 145 389 0.0 0.0 0.0
8 298.026 0.27 145 392 0.0 0.0 0.0
8 299.985 0.269 145 395 0.0 0.0 0.0
8 302.022 0.267 145 398 0.0 0.0 0.0
8 304.024 0.266 145 401 0.0 0.0 0.0
8 306.022 0.265 145 404 0.0 0.0 0.0
8 308.014 0.263 145 407 0.0 0.0 0.0
8 309.033 0.262 145 410 0.0 0.0 0.0
8 311.016 0.264 147 411 0.0 1.0 1.0
8 313.022 0.262 147 414 0.0 0.0 0.0
8 315.015 0.261 147 417 0.0 0.0 0.0
8 316.982 0.265 150 417 0.7490196078431373 1.0 1.0
8 317.989 0.269 153 417 1.0 1.0 1.0
8 319.993 0.267 153 420 0.0 0.0 0.0
8 321.989 0.269 155 421 1.0 1.0 0.0
8 324.017 0.268 155 424 0.0 0.0 0.0
8 325.989 0.267 155 427 0.0 0.0 0.0
8 327.988 0.265 155 430 0.0 0.0 0.0
8 329.989 0.264 155 433 0.0 0.0 0.0
8 332.013 0.266 157 434 1.0 1.0 0.0
8 333.986 0.27 160 434 1.0 1.0 1.0
8 335.016 0.272 162 435 1.0 1.0 0.0
8 336.985 0.27 162 438 0.0 0.0 0.0
8 338.025 0.269 162 441 0.0 0.0 0.0
8 339.978 0.273 165 441 1.0 1.0 1.0
8 340.992 0.276 168 441 1.0 1.0 1.0
8 342.994 0.275 168 444 0.0 0.0 0.0
8 344.016 0.274 168 447 0.0 0.0 0.0
8 345.98 0.272 168 450 0.0 0.0 0.0
8 347.026 0.271 168 453 0.0 0.0 0.0
8 348.992 0.271 169 455 0.0 0.0 0.7490196078431373
8 350.99 0.27 169 458 0.0 0.0 0.0
8 352.034 0.269 169 461 0.0 0.0 0.0
8 354.019 0.267 169 464 0.0 0.0 0.0
8 355.99 0.266 169 467 0.0 0.0 0.0
8 357.995 0.266 170 469 1.0 0.0 0.0
8 359.991 0.27 173 469 1.0 1.0 1.0
8 361.024 0.273 176 469 0.7490196078431373 1.0 1.0
8 362.991 0.272 176 472 0.0 0.0 0.0
8 363.992 0.271 176 475 0.0 0.0 0.0
8 365.012 0.269 176 478 0.0 0.0 0.0
8 367.027 0.268 176 481 0.0 0.0 0.0
8 369.028 0.27 178 482 1.0 0.24313725490196078 0.0
8 371.005 0.273 181 482 1.0 1.0 0.7490196078431373
8 372.015 0.272 181 485 0.0 0.0 0.0
8 373.035 0.271 181 488 0.0 0.0 0.0
8 375.028 0.27 181 491 0.0 0.0 0.0
8 377.02 0.268 181 494 0.0 0.0 0.0
8 378.991 0.267 181 497 0.0 0.0 0.0
8 380.026 0.271 184 497 1.0 1.0 1.0
8 382.02 0.271 185 499 1.0 0.0 0.0
8 384.028 0.274 188 499 1.0 1.0 1.0
8 385.048 0.277 191 499 1.0 1.0 1.0
8 387.046 0.28 194 499 1.0 1.0 1.0
8 388.996 0.279 194 502 0.0 0.0 0.0
8 391.023 0.281 196 503 0.0 1.0 1.0
8 392.031 0.284 199 503 1.0 1.0 1.0
8 394.038 0.283 199 506 0.0 0.0 0.0
8 395.993 0.286 202 506 0.7490196078431373 1.0 1.0
8 397.039 0.289 205 506 1.0 1.0 1.0
8 399.041 0.292 208 506 1.0 1.0 0.24313725490196078
8 401.025 0.29 208 509 0.0 0.0 0.0
8 402.038 0.289 208 512 0.0 0.0 0.0
8 404.001 0.292 211 512 1.0 1.0 1.0
8 406.001 0.291 211 515 0.0 0.0 0.0
8 408.043 0.29 211 518 0.0 0.0 0.0
8 410.067 0.289 211 521 0.0 0.0 0.0
8 412.04 0.29 213 522 0.0 0.7490196078431373 1.0
8 414.033 0.289 213 525 0.0 0.0 0.0
8 416.022 0.288 213 528 0.0 0.0 0.0
8 418.002 0.287 213 531 0.0 0.0 0.0
8 420.039 0.285 213 534 0.0 0.0 0.0
8 422.014 0.288 216 534 1.0 1.0 1.0
8 424.044 0.291 219 534 1.0 1.0 1.0
8 426.047 0.29 219 537 0.0 0.0 0.0
8 428.03 0.29 220 539 0.7490196078431373 0.0 0.0
8 429.049 0.293 223 539 1.0 1.0 1.0
8 431.03 0.292 223 542 0.0 0.0 0.0
8 432.999 0.291 223 545 0.0 0.0 0.0
8 434.043 0.29 223 548 0.0 0.0 0.0
8 435.999 0.288 223 551 0.0 0.0 0.0
8 437.015 0.29 225 552 0.0 0.7490196078431373 1.0
8 438.05 0.289 225 555 0.0 0.0 0.0
8 440.039 0.288 225 558 0.0 0.0 0.0
8 442.037 0.288 226 560 0.0 0.0 1.0
8 444.033 0.288 227 562 0.24313725490196078 0.0 0.0
8 446.034 0.287 227 565 0.0 0.0 0.0
8 448.025 0.286 227 568 0.0 0.0 0.0
8 449.046 0.285 227 571 0.0 0.0 0.0
8 451.035 0.284 227 574 0.0 0.0 0.0
8 452.997 0.286 230 574 1.0 1.0 1.0
8 454.056 0.289 233 574 1.0 1.0 1.0
8 455.059 0.292 236 574 1.0 1.0 1.0
8 457.041 0.291 236 577 0.0 0.0 0.0
8 459.034 0.292 238 578 1.0 1.0 0.0
8 461.046 0.295 241 578 1.0 1.0 1.0
8 463.041 0.293 241 581 0.0 0.0 0.0
8 465.036 0.292 241 584 0.0 0.0 0.0
8 467.014 0.291 241 587 0.0 0.0 0.0
8 468.045 0.291 242 589 1.0 0.0 0.0
8 470.051 0.292 243 591 0.7490196078431373 0.0 0.0
8 472.041 0.291 243 594 0.0 0.0 0.0
8 474.029 0.29 243 597 0.0 0.0 0.0
8 475.06 0.292 246 597 1.0 1.0 1.0
8 477.051 0.291 246 600 0.0 0.0 0.0
8 479.039 0.29 246 603 0.0 0.0 0.0
8 481.039 0.289 246 606 0.0 0.0 0.0
8 483.037 0.288 246 609 0.0 0.0 0.0
8 484.04 0.287 246 612 0.0 0.0 0.0
8 486.004 0.286 246 615 0.0 0.0 0.0
8 487.011 0.286 247 617 0.0 0.0 1.0
8 489.036 0.286 248 619 0.7490196078431373 0.0 0.0
8 491.028 0.285 248 622 0.0 0.0 0.0
8 492.064 0.284 248 625 0.0 0.0 0.0
8 494.007 0.283 248 628 0.0 0.0 0.0
8 496.053 0.285 250 629 1.0 0.24313725490196078 0.0
8 498.05 0.287 253 629 0.7490196078431373 1.0 1.0
8 500.018 0.286 253 632 0.0 0.0 0.0
8 501.051 0.286 254 634 0.7490196078431373 0.0 0.0
8 503.063 0.285 254 637 0.0 0.0 0.0
8 505.051 0.284 254 640 0.0 0.0 0.0
8 507.042 0.287 257 640 1.0 1.0 1.0
8 509.064 0.286 257 643 0.0 0.0 0.0
8 511.042 0.285 257 646 0.0 0.0 0.0
8 513.046 0.284 257 649 0.0 0.0 0.0
8 514.051 0.283 257 652 0.0 0.0 0.0
8 516.01 0.282 257 655 0.0 0.0 0.0
8 517.049 0.281 257 658 0.0 0.0 0.0
8 519.041 0.28 257 661 0.0 0.0 0.0
8 521.029 0.28 258 663 0.0 0.0 1.0
8 523.061 0.283 261 663 0.24313725490196078 1.0 1.0
8 525.04 0.284 263 664 1.0 0.7490196078431373 0.0
8 527.008 0.283 263 667 0.0 0.0 0.0
8 529.044 0.282 263 670 0.0 0.0 0.0
8 531.007 0.281 263 673 0.0 0.0 0.0
8 533.04 0.28 263 676 0.0 0.0 0.0
8 534.046 0.283 266 676 1.0 1.0 1.0
8 536.034 0.283 267 678 1.0 0.0 0.0
8 538.01 0.282 267 681 0.0 0.0 0.0
8 539.05 0.281 267 684 0.0 0.0 0.0
8 540.065 0.283 270 684 1.0 1.0 1.0
8 542.049 0.282 270 687 0.0 0.0 0.0
8 543.061 0.281 270 690 0.0 0.0 0.0
8 545.064 0.281 270 693 0.0 0.0 0.0
8 547.014 0.28 270 696 0.0 0.0 0.0
8 548.017 0.279 270 699 0.0 0.0 0.0
8 550.049 0.281 273 699 1.0 1.0 1.0
8 552.014 0.28 273 702 0.0 0.0 0.0
8 553.045 0.279 273 705 0.0 0.0 0.0
8 555.056 0.282 276 705 1.0 1.0 1.0
8 557.047 0.281 276 708 0.0 0.0 0.0
8 559.044 0.283 279 708 1.0 1.0 1.0
8 561.047 0.284 281 709 0.0 1.0 1.0
8 563.042 0.286 284 709 1.0 1.0 1.0
8 565.067 0.285 284 712 0.0 0.0 0.0
8 567.01 0.284 284 715 0.0 0.0 0.0
8 568.042 0.284 284 718 0.0 0.0 0.0
8 570.022 0.283 284 721 0.0 0.0 0.0
8 572.054 0.283 285 723 1.0 0.0 0.0
8 574.054 0.285 288 723 1.0 1.0 1.0
8 575.066 0.287 291 723 1.0 1.0 1.0
8 577.049 0.287 292 725 0.7490196078431373 0.0 0.0
8 578.065 0.289 295 725 1.0 1.0 1.0
8 580.068 0.291 297 726 0.0 0.24313725490196078 1.0
8 582.048 0.292 299 727 1.0 1.0 0.0
8 583.058 0.294 302 727 0.24313725490196078 1.0 1.0
8 585.02 0.296 305 727 1.0 1.0 1.0
8 587.063 0.298 308 727 1.0 1.0 1.0
8 589.059 0.3 311 727 0.24313725490196078 0.7490196078431373 1.0
8 591.076 0.299 311 730 0.0 0.0 0.0
8 593.05 0.301 314 730 1.0 1.0 1.0
8 595.029 0.3 314 733 0.0 0.0 0.0
8 596.062 0.299 314 736 0.0 0.0 0.0
8 598.064 0.298 314 739 0.0 0.0 0.0
8 600.028 0.3 317 739 1.0 1.0 1.0
8 602.024 0.3 318 741 0.24313725490196078 0.0 0.0
8 603.042 0.3 318 744 0.0 0.0 0.0
8 604.048 0.3 319 746 0.0 0.0 1.0
8 606.021 0.301 321 747 0.0 1.0 1.0
8 607.058 0.303 324 747 1.0 1.0 1.0
8 609.052 0.304 326 748 0.7490196078431373 0.7490196078431373 0.0
8 611.054 0.303 326 751 0.0 0.0 0.0
8 613.026 0.305 329 751 1.0 1.0 1.0
8 614.047 0.307 332 751 1.0 1.0 1.0
8 616.057 0.306 332 754 0.0 0.0 0.0
8 618.015 0.308 335 754 1.0 1.0 1.0
8 619.069 0.308 336 756 1.0 0.0 0.0
8 621.029 0.307 336 759 0.0 0.0 0.0
8 623.06 0.306 336 762 0.0 0.0 0.0
8 625.066 0.308 339 762 1.0 1.0 1.0
8 627.05 0.307 339 765 0.0 0.0 0.0
8 628.08 0.307 340 767 1.0 0.0 0.0
8 630.051 0.306 340 770 0.0 0.0 0.0
8 632.047 0.306 340 773 0.0 0.0 0.0
8 633.082 0.305 340 776 0.0 0.0 0.0
8 635.051 0.304 340 779 0.0 0.0 0.0
8 637.023 0.303 340 782 0.0 0.0 0.0
8 638.029 0.302 340 785 0.0 0.0 0.0
8 640.049 0.304 343 785 1.0 1.0 1.0
8 642.05 0.303 343 788 0.0 0.0 0.0
8 644.026 0.303 343 791 0.0 0.0 0.0
8 645.07 0.302 343 794 0.0 0.0 0.0
8 647.055 0.304 346 794 1.0 1.0 0.7490196078431373
8 649.044 0.303 346 797 0.0 0.0 0.0
8 650.071 0.304 348 798 0.0 1.0 1.0
8 652.051 0.303 348 801 0.0 0.0 0.0
8 654.04 0.302 348 804 0.0 0.0 0.0
8 655.056 0.304 351 804 1.0 1.0 1.0
8 657.054 0.306 354 804 1.0 1.0 1.0
8 659.044 0.305 354 807 0.0 0.0 0.0
8 661.043 0.304 354 810 0.0 0.0 0.0
8 662.053 0.304 354 813 0.0 0.0 0.0
8 663.061 0.305 357 813 1.0 1.0 1.0
8 665.02 0.305 357 816 0.0 0.0 0.0
8 666.067 0.304 357 819 0.0 0.0 0.0
8 668.015 0.306 360 819 1.0 1.0 1.0
8 669.073 0.307 363 819 1.0 1.0 1.0
8 671.062 0.306 363 822 0.0 0.0 0.0
8 673.057 0.308 366 822 1.0 1.0 1.0
8 674.069 0.308 367 824 0.0 0.0 0.7490196078431373
8 676.065 0.309 369 825 1.0 0.7490196078431373 0.0
8 678.02 0.311 372 825 1.0 1.0 0.7490196078431373
8 680.059 0.31 372 828 0.0 0.0 0.0
8 682.063 0.309 372 831 0.0 0.0 0.0
8 684.054 0.309 372 834 0.0 0.0 0.0
8 686.051 0.308 372 837 0.0 0.0 0.0
8 688.059 0.308 373 839 0.0 0.0 0.24313725490196078
8 690.054 0.31 376 839 1.0 1.0 1.0
8 692.052 0.311 379 839 1.0 1.0 1.0
8 693.066 0.312 381 840 1.0 1.0 0.0
8 695.082 0.314 384 840 1.0 1.0 1.0
8 697.071 0.316 387 840 1.0 1.0 1.0
8 699.07 0.315 387 843 0.0 0.0 0.0
8 701.058 0.314 387 846 0.0 0.0 0.0
8 703.065 0.313 387 849 0.0 0.0 0.0
8 705.024 0.313 388 851 1.0 0.0 0.0
8 706.062 0.313 388 854 0.0 0.0 0.0
8 707.068 0.312 388 857 0.0 0.0 0.0
8 709.067 0.311 388 860 0.0 0.0 0.0
8 711.039 0.31 388 863 0.0 0.0 0.0
8 712.084 0.31 388 866 0.0 0.0 0.0
8 714.062 0.311 391 866 1.0 1.0 1.0
8 715.089 0.312 393 867 1.0 0.24313725490196078 0.0
8 717.03 0.311 393 870 0.0 0.0 0.0
8 718.077 0.311 393 873 0.0 0.0 0.0
8 720.07 0.311 395 874 0.0 1.0 1.0
8 722.083 0.313 398 874 1.0 1.0 0.7490196078431373
8 724.082 0.312 398 877 0.0 0.0 0.0
8 726.054 0.312 399 879 1.0 0.0 0.0
8 727.082 0.313 401 880 1.0 0.7490196078431373 0.0
8 729.089 0.312 401 883 0.0 0.0 0.0
8 731.083 0.314 404 883 1.0 1.0 1.0
8 733.067 0.316 407 883 1.0 1.0 1.0
8 734.086 0.317 410 883 1.0 1.0 1.0
8 736.072 0.316 410 886 0.0 0.0 0.0
8 737.086 0.316 410 889 0.0 0.0 0.0
8 738.095 0.315 410 892 0.0 0.0 0.0
8 740.091 0.314 410 895 0.0 0.0 0.0
8 742.05 0.314 410 898 0.0 0.0 0.0
8 743.083 0.315 413 898 1.0 1.0 1.0
8 745.069 0.315 414 900 0.0 0.0 0.7490196078431373
8 747.033 0.317 417 900 1.0 1.0 1.0
8 749.053 0.318 419 901 1.0 1.0 0.0
8 751.066 0.317 419 904 0.0 0.0 0.0
8 753.075 0.317 420 906 1.0 0.0 0.0
8 755.06 0.316 420 909 0.0 0.0 0.0
8 757.03 0.317 422 910 0.0 1.0 1.0
8 758.042 0.317 423 912 0.0 0.0 1.0
8 759.069 0.318 425 913 0.0 0.24313725490196078 1.0
8 761.072 0.319 428 913 1.0 1.0 0.24313725490196078
8 763.072 0.319 428 916 0.0 0.0 0.0
8 765.063 0.318 428 919 0.0 0.0 0.0
8 766.07 0.317 428 922 0.0 0.0 0.0
8 768.061 0.319 431 922 1.0 1.0 1.0
8 770.061 0.32 434 922 1.0 1.0 1.0
8 771.08 0.322 437 922 1.0 1.0 1.0
8 773.063 0.323 440 922 1.0 1.0 1.0
8 774.073 0.325 443 922 1.0 1.0 1.0
8 776.08 0.326 446 922 1.0 1.0 1.0
8 778.039 0.325 446 925 0.0 0.0 0.0
8 779.086 0.325 446 928 0.0 0.0 0.0
8 781.072 0.324 446 931 0.0 0.0 0.0
8 783.066 0.323 446 934 0.0 0.0 0.0
8 785.033 0.323 446 937 0.0 0.0 0.0
8 786.083 0.322 446 940 0.0 0.0 0.0
8 788.037 0.322 447 942 0.7490196078431373 0.0 0.0
8 789.08 0.321 447 945 0.0 0.0 0.0
8 791.075 0.321 447 948 0.0 0.0 0.0
8 793.068 0.321 448 950 0.0 0.0 1.0
8 795.065 0.322 451 950 1.0 1.0 1.0
8 797.084 0.321 451 953 0.0 0.0 0.0
8 799.045 0.321 451 956 0.0 0.0 0.0
8 800.081 0.321 453 957 1.0 0.24313725490196078 0.0
8 802.049 0.321 454 959 1.0 0.0 0.0
8 803.102 0.323 457 959 1.0 1.0 1.0
8 805.035 0.324 460 959 1.0 1.0 1.0
8 806.048 0.326 463 959 1.0 1.0 1.0
8 807.061 0.326 465 960 0.7490196078431373 1.0 0.0
8 808.075 0.326 465 963 0.0 0.0 0.0
8 810.055 0.327 468 963 1.0 1.0 1.0
8 812.08 0.326 468 966 0.0 0.0 0.0
8 814.061 0.326 468 969 0.0 0.0 0.0
8 815.076 0.325 468 972 0.0 0.0 0.0
8 817.078 0.325 469 974 0.0 0.0 0.7490196078431373
8 819.072 0.324 469 977 0.0 0.0 0.0
8 821.058 0.324 469 980 0.0 0.0 0.0
8 822.066 0.323 469 983 0.0 0.0 0.0
8 824.048 0.322 469 986 0.0 0.0 0.0
8 825.077 0.322 470 988 0.0 0.0 1.0
8 827.044 0.324 473 988 1.0 1.0 1.0
8 828.059 0.325 476 988 1.0 1.0 0.24313725490196078
8 829.077 0.325 476 991 0.0 0.0 0.0
8 831.037 0.324 476 994 0.0 0.0 0.0
8 832.096 0.323 476 997 0.0 0.0 0.0
8 834.073 0.323 476 1000 0.0 0.0 0.0
8 836.073 0.322 476 1003 0.0 0.0 0.0
8 838.075 0.321 476 1006 0.0 0.0 0.0
8 840.079 0.321 476 1009 0.0 0.0 0.0
8 842.101 0.321 478 1010 0.0 1.0 1.0
8 844.077 0.321 479 1012 0.0 0.0 1.0
8 846.082 0.322 481 1013 0.0 1.0 1.0
8 847.085 0.321 481 1016 0.0 0.0 0.0
8 849.084 0.321 481 1019 0.0 0.0 0.0
8 851.07 0.321 483 1020 1.0 0.1803921568627451 0.0
8 853.049 0.321 483 1023 0.0 0.0 0.0
8 854.058 0.32 483 1026 0.0 0.0 0.0
8 855.081 0.32 483 1029 0.0 0.0 0.0
8 857.051 0.319 483 1032 0.0 0.0 0.0
8 858.077 0.318 483 1035 0.0 0.0 0.0
8 860.042 0.318 483 1038 0.0 0.0 0.0
8 861.109 0.317 483 1041 0.0 0.0 0.0
8 863.09 0.316 483 1044 0.0 0.0 0.0
8 865.072 0.316 483 1047 0.0 0.0 0.0
8 867.044 0.315 483 1050 0.0 0.0 0.0
8 868.101 0.315 483 1053 0.0 0.0 0.0
8 870.082 0.314 483 1056 0.0 0.0 0.0
8 872.077 0.315 486 1056 1.0 1.0 1.0
8 873.101 0.317 489 1056 1.0 1.0 1.0
8 875.091 0.317 491 1057 0.0 1.0 0.7490196078431373
8 877.071 0.317 491 1060 0.0 0.0 0.0
8 879.09 0.318 494 1060 1.0 1.0 1.0
8 881.08 0.317 494 1063 0.0 0.0 0.0
8 883.085 0.319 497 1063 1.0 1.0 1.0
8 885.079 0.318 497 1066 0.0 0.0 0.0
8 887.094 0.317 497 1069 0.0 0.0 0.0
8 889.05 0.319 500 1069 1.0 1.0 1.0
8 890.089 0.32 503 1069 1.0 1.0 1.0
8 892.087 0.319 503 1072 0.0 0.0 0.0
8 894.076 0.319 503 1075 0.0 0.0 0.0
8 896.043 0.318 503 1078 0.0 0.0 0.0
8 897.085 0.318 503 1081 0.0 0.0 0.0
8 899.073 0.317 503 1084 0.0 0.0 0.0
8 901.081 0.316 503 1087 0.0 0.0 0.0
8 903.049 0.316 503 1090 0.0 0.0 0.0
8 905.087 0.315 503 1093 0.0 0.0 0.0
8 907.104 0.315 504 1095 1.0 0.0 0.0
8 909.098 0.317 507 1095 1.0 1.0 1.0
8 911.089 0.316 507 1098 0.0 0.0 0.0
8 913.094 0.316 508 1100 1.0 0.0 0.0
8 915.077 0.315 508 1103 0.0 0.0 0.0
8 917.083 0.315 508 1106 0.0 0.0 0.0
8 919.064 0.316 511 1106 1.0 1.0 1.0
8 921.074 0.316 511 1109 0.0 0.0 0.0
8 923.044 0.315 511 1112 0.0 0.0 0.0
8 924.114 0.314 511 1115 0.0 0.0 0.0
8 926.088 0.314 511 1118 0.0 0.0 0.0
8 928.056 0.313 511 1121 0.0 0.0 0.0
8 930.093 0.313 511 1124 0.0 0.0 0.0
8 932.074 0.312 511 1127 0.0 0.0 0.0
8 934.073 0.312 511 1130 0.0 0.0 0.0
8 935.092 0.311 511 1133 0.0 0.0 0.0
8 937.092 0.312 514 1133 1.0 1.0 1.0
8 939.09 0.312 514 1136 0.0 0.0 0.0
8 941.083 0.311 514 1139 0.0 0.0 0.0
8 943.087 0.311 514 1142 0.0 0.0 0.0
8 945.049 0.312 517 1142 1.0 1.0 1.0
8 947.095 0.313 520 1142 0.24313725490196078 1.0 1.0
8 949.092 0.312 520 1145 0.0 0.0 0.0
8 951.079 0.314 523 1145 1.0 1.0 1.0
8 952.088 0.315 526 1145 1.0 1.0 1.0
8 954.089 0.314 526 1148 0.0 0.0 0.0
8 955.102 0.314 526 1151 0.0 0.0 0.0
8 957.06 0.314 528 1152 0.0 0.24313725490196078 1.0
8 959.043 0.314 528 1155 0.0 0.0 0.0
8 960.091 0.313 528 1158 0.0 0.0 0.0
8 962.057 0.314 531 1158 1.0 1.0 1.0
8 963.1 0.315 533 1159 0.0 1.0 1.0
8 965.066 0.315 533 1162 0.0 0.0 0.0
8 967.092 0.314 533 1165 0.0 0.0 0.0
8 969.083 0.313 533 1168 0.0 0.0 0.0
8 971.088 0.313 533 1171 0.0 0.0 0.0
8 973.091 0.312 533 1174 0.0 0.0 0.0
8 975.105 0.313 535 1175 0.0 0.7490196078431373 1.0
8 977.099 0.313 536 1177 0.0 0.0 0.24313725490196078
8 979.06 0.312 536 1180 0.0 0.0 0.0
8 980.076 0.313 538 1181 0.0 0.24313725490196078 1.0
8 982.096 0.314 541 1181 1.0 1.0 1.0
8 984.098 0.314 541 1184 0.0 0.0 0.0
8 986.116 0.313 541 1187 0.0 0.0 0.0
8 988.071 0.313 541 1190 0.0 0.0 0.0
8 990.06 0.312 541 1193 0.0 0.0 0.0
8 992.088 0.312 541 1196 0.0 0.0 0.0
8 994.11 0.311 541 1199 0.0 0.0 0.0
8 996.071 0.31 541 1202 0.0 0.0 0.0
8 997.098 0.31 541 1205 0.0 0.0 0.0
8 999.096 0.309 541 1208 0.0 0.0 0.0
8 1001.049 0.309 541 1211 0.0 0.0 0.0
8 1002.101 0.31 543 1212 0.0 0.24313725490196078 1.0
8 1004.053 0.311 546 1212 0.7490196078431373 1.0 1.0
8 1005.095 0.31 546 1215 0.0 0.0 0.0
8 1007.09 0.311 549 1215 1.0 1.0 1.0
8 1009.062 0.311 550 1217 0.24313725490196078 0.0 0.0
8 1010.083 0.312 552 1218 1.0 1.0 0.0
8 1012.06 0.313 555 1218 1.0 1.0 1.0
8 1013.078 0.314 558 1218 1.0 1.0 1.0
8 1015.079 0.315 560 1219 1.0 1.0 0.0
8 1017.078 0.314 560 1222 0.0 0.0 0.0
8 1018.108 0.316 563 1222 1.0 1.0 1.0
8 1020.06 0.316 564 1224 1.0 0.0 0.0
8 1021.104 0.315 564 1227 0.0 0.0 0.0
8 1023.069 0.314 564 1230 0.0 0.0 0.0
8 1025.056 0.314 564 1233 0.0 0.0 0.0
8 1026.102 0.313 564 1236 0.0 0.0 0.0
8 1028.081 0.313 564 1239 0.0 0.0 0.0
8 1030.089 0.313 565 1241 0.24313725490196078 0.0 0.0
8 1031.1 0.314 567 1242 1.0 1.0 0.0
8 1033.057 0.313 567 1245 0.0 0.0 0.0
8 1034.129 0.312 567 1248 0.0 0.0 0.0
8 1036.115 0.314 570 1248 1.0 1.0 1.0
8 1038.103 0.313 570 1251 0.0 0.0 0.0
8 1040.101 0.313 571 1253 0.0 0.0 1.0
8 1041.111 0.313 571 1256 0.0 0.0 0.0
8 1043.106 0.314 574 1256 1.0 1.0 0.7490196078431373
8 1045.096 0.315 577 1256 1.0 1.0 1.0
8 1047.12 0.316 580 1256 0.7490196078431373 0.7490196078431373 0.7490196078431373
8 1049.099 0.315 580 1259 0.0 0.0 0.0
8 1050.103 0.315 580 1262 0.0 0.0 0.0
8 1051.12 0.314 580 1265 0.0 0.0 0.0
8 1053.102 0.314 580 1268 0.0 0.0 0.0
8 1055.109 0.313 580 1271 0.0 0.0 0.0
8 1057.097 0.313 580 1274 0.0 0.0 0.0
8 1058.117 0.312 580 1277 0.0 0.0 0.0
8 1060.109 0.312 580 1280 0.0 0.0 0.0
8 1061.129 0.311 580 1283 0.0 0.0 0.0
8 1063.112 0.311 580 1286 0.0 0.0 0.0
8 1065.1 0.312 583 1286 1.0 1.0 1.0
8 1067.077 0.312 583 1289 0.0 0.0 0.0
8 1069.078 0.313 586 1289 1.0 1.0 1.0
8 1071.06 0.312 586 1292 0.0 0.0 0.0
8 1072.061 0.312 586 1295 0.0 0.0 0.0
8 1073.065 0.313 589 1295 1.0 1.0 1.0
8 1074.08 0.314 592 1295 1.0 1.0 1.0
8 1076.097 0.313 592 1298 0.0 0.0 0.0
8 1078.09 0.313 592 1301 0.0 0.0 0.0
8 1080.096 0.313 593 1303 1.0 0.0 0.0
8 1082.062 0.313 594 1305 0.0 0.0 1.0
8 1083.091 0.313 595 1307 0.0 0.0 1.0
8 1084.109 0.313 596 1309 0.0 0.0 1.0
8 1086.093 0.312 596 1312 0.0 0.0 0.0
8 1087.113 0.312 596 1315 0.0 0.0 0.0
8 1089.093 0.311 596 1318 0.0 0.0 0.0
8 1091.092 0.313 599 1318 1.0 1.0 1.0
8 1092.121 0.314 602 1318 1.0 1.0 1.0
8 1093.168 0.315 605 1318 1.0 1.0 1.0
8 1095.094 0.314 605 1321 0.0 0.0 0.0
8 1096.103 0.314 605 1324 0.0 0.0 0.0
8 1097.187 0.313 605 1327 0.0 0.0 0.0
8 1099.102 0.313 605 1330 0.0 0.0 0.0
8 1101.103 0.314 608 1330 0.24313725490196078 1.0 1.0
8 1103.101 0.313 608 1333 0.0 0.0 0.0
8 1105.071 0.313 608 1336 0.0 0.0 0.0
8 1106.11 0.312 608 1339 0.0 0.0 0.0
8 1108.1 0.313 611 1339 1.0 1.0 1.0
8 1109.108 0.313 612 1341 1.0 0.0 0.0
8 1111.076 0.313 612 1344 0.0 0.0 0.0
8 1112.115 0.314 614 1345 0.0 1.0 1.0
8 1114.078 0.313 614 1348 0.0 0.0 0.0
8 1115.113 0.313 615 1350 0.0 0.0 1.0
8 1117.085 0.313 615 1353 0.0 0.0 0.0
8 1118.12 0.312 615 1356 0.0 0.0 0.0
8 1120.096 0.313 618 1356 1.0 1.0 1.0
8 1121.118 0.313 619 1358 0.0 0.0 1.0
8 1123.08 0.313 619 1361 0.0 0.0 0.0
8 1125.075 0.313 620 1363 0.0 0.0 1.0
8 1126.11 0.313 621 1365 0.0 0.0 0.7490196078431373
8 1128.097 0.313 622 1367 0.24313725490196078 0.0 0.0
8 1130.097 0.314 625 1367 1.0 1.0 1.0
8 1132.119 0.314 627 1368 0.0 0.24313725490196078 1.0
8 1134.112 0.314 627 1371 0.0 0.0 0.0
8 1136.078 0.313 627 1374 0.0 0.0 0.0
8 1137.106 0.313 627 1377 0.0 0.0 0.0
8 1139.107 0.312 627 1380 0.0 0.0 0.0
8 1141.114 0.312 627 1383 0.0 0.0 0.0
8 1143.113 0.312 627 1386 0.0 0.0 0.0
8 1145.064 0.311 627 1389 0.0 0.0 0.0
8 1146.097 0.311 627 1392 0.0 0.0 0.0
8 1148.08 0.31 627 1395 0.0 0.0 0.0
8 1149.086 0.31 627 1398 0.0 0.0 0.0
8 1150.089 0.309 627 1401 0.0 0.0 0.0
8 1151.093 0.309 628 1403 0.24313725490196078 0.0 0.0
8 1152.125 0.31 631 1403 1.0 1.0 1.0
8 1154.11 0.31 631 1406 0.0 0.0 0.0
8 1156.068 0.309 631 1409 0.0 0.0 0.0
8 1157.116 0.309 632 1411 0.0 0.0 1.0
8 1159.082 0.309 632 1414 0.0 0.0 0.0
8 1160.104 0.309 632 1417 0.0 0.0 0.0
8 1162.117 0.308 632 1420 0.0 0.0 0.0
8 1164.11 0.308 632 1423 0.0 0.0 0.0
8 1166.088 0.307 632 1426 0.0 0.0 0.0
8 1167.125 0.307 632 1429 0.0 0.0 0.0
8 1169.084 0.306 632 1432 0.0 0.0 0.0
8 1170.115 0.307 635 1432 1.0 1.0 1.0
8 1172.119 0.307 635 1435 0.0 0.0 0.0
8 1174.112 0.308 638 1435 1.0 1.0 1.0
8 1176.109 0.307 638 1438 0.0 0.0 0.0
8 1178.117 0.308 641 1438 1.0 1.0 1.0
8 1179.119 0.309 644 1438 1.0 1.0 1.0
8 1181.096 0.309 644 1441 0.0 0.0 0.0
8 1182.117 0.309 644 1444 0.0 0.0 0.0
8 1184.113 0.309 645 1446 0.0 0.0 0.24313725490196078
8 1186.098 0.308 645 1449 0.0 0.0 0.0
8 1187.113 0.308 645 1452 0.0 0.0 0.0
8 1189.116 0.307 645 1455 0.0 0.0 0.0
8 1191.118 0.307 645 1458 0.0 0.0 0.0
8 1193.085 0.306 645 1461 0.0 0.0 0.0
8 1195.117 0.307 648 1461 1.0 1.0 1.0
8 1197.075 0.307 648 1464 0.0 0.0 0.0
8 1198.128 0.306 648 1467 0.0 0.0 0.0
8 1200.128 0.307 649 1469 0.0 0.0 0.24313725490196078
8 1202.08 0.306 649 1472 0.0 0.0 0.0
8 1203.119 0.306 649 1475 0.0 0.0 0.0
8 1205.089 0.305 649 1478 0.0 0.0 0.0
8 1207.132 0.306 652 1478 1.0 1.0 0.7490196078431373
8 1209.118 0.306 652 1481 0.0 0.0 0.0
8 1211.086 0.305 652 1484 0.0 0.0 0.0
8 1212.093 0.305 652 1487 0.0 0.0 0.0
8 1214.127 0.304 652 1490 0.0 0.0 0.0
8 1216.121 0.304 652 1493 0.0 0.0 0.0
8 1218.118 0.304 653 1495 0.7490196078431373 0.0 0.0
8 1220.136 0.305 656 1495 1.0 1.0 1.0
8 1222.136 0.306 658 1496 0.0 0.24313725490196078 1.0
8 1224.125 0.306 660 1497 0.0 1.0 1.0
8 1226.131 0.306 661 1499 0.0 0.24313725490196078 0.0
8 1228.129 0.307 664 1499 1.0 0.24313725490196078 1.0
8 1230.103 0.308 666 1500 0.0 0.24313725490196078 0.7490196078431373
8 1231.118 0.309 669 1500 1.0 1.0 1.0
8 1233.119 0.309 672 1500 1.0 1.0 1.0
8 1234.129 0.31 675 1500 1.0 1.0 0.24313725490196078
8 1236.088 0.31 675 1503 0.0 0.0 0.0
8 1237.124 0.311 678 1503 1.0 1.0 1.0
8 1239.121 0.311 678 1506 0.0 0.0 0.0
8 1241.137 0.311 680 1507 1.0 0.7490196078431373 0.0
8 1243.111 0.312 683 1507 1.0 1.0 1.0
8 1244.136 0.313 686 1507 1.0 1.0 1.0
8 1246.131 0.314 689 1507 1.0 1.0 1.0
8 1247.14 0.313 689 1510 0.0 0.0 0.0
8 1249.127 0.313 689 1513 0.0 0.0 0.0
8 1251.118 0.313 689 1516 0.0 0.0 0.0
8 1252.137 0.313 691 1517 1.0 1.0 0.0
8 1254.11 0.314 694 1517 0.7490196078431373 1.0 1.0
8 1255.111 0.314 694 1520 0.0 0.0 0.0
8 1257.125 0.313 694 1523 0.0 0.0 0.0
8 1259.139 0.313 694 1526 0.0 0.0 0.0
8 1261.105 0.312 694 1529 0.0 0.0 0.0
8 1262.133 0.312 694 1532 0.0 0.0 0.0
8 1264.122 0.311 694 1535 0.0 0.0 0.0
8 1266.096 0.311 694 1538 0.0 0.0 0.0
8 1267.106 0.311 694 1541 0.0 0.0 0.0
8 1269.083 0.31 694 1544 0.0 0.0 0.0
8 1271.111 0.311 696 1545 1.0 0.0 1.0
8 1273.107 0.31 696 1548 0.0 0.0 0.0
8 1274.118 0.31 696 1551 0.0 0.0 0.0
8 1275.137 0.31 697 1553 1.0 0.0 0.0
8 1277.103 0.309 697 1556 0.0 0.0 0.0
8 1278.115 0.309 697 1559 0.0 0.0 0.0
8 1279.13 0.31 699 1560 0.0 0.7490196078431373 1.0
8 1281.12 0.31 702 1560 1.0 1.0 1.0
8 1283.126 0.31 702 1563 0.0 0.0 0.0
8 1284.155 0.31 702 1566 0.0 0.0 0.0
8 1286.09 0.31 703 1568 0.0 0.0 1.0
8 1287.149 0.309 703 1571 0.0 0.0 0.0
8 1289.14 0.309 703 1574 0.0 0.0 0.0
8 1291.117 0.308 703 1577 0.0 0.0 0.0
8 1292.129 0.308 703 1580 0.0 0.0 0.0
8 1293.132 0.308 703 1583 0.0 0.0 0.0
8 1295.115 0.307 703 1586 0.0 0.0 0.0
8 1297.116 0.307 703 1589 0.0 0.0 0.0
8 1299.129 0.307 705 1590 1.0 0.7490196078431373 0.0
8 1301.128 0.307 705 1593 0.0 0.0 0.0
8 1302.132 0.306 705 1596 0.0 0.0 0.0
8 1304.132 0.307 707 1597 1.0 1.0 0.0
8 1306.127 0.307 708 1599 0.24313725490196078 0.0 0.0
8 1308.089 0.308 711 1599 1.0 1.0 1.0
8 1309.134 0.308 712 1601 1.0 0.0 0.0
8 1310.141 0.308 712 1604 0.0 0.0 0.0
8 1312.092 0.307 712 1607 0.0 0.0 0.0
8 1313.128 0.307 712 1610 0.0 0.0 0.0
8 1315.123 0.306 712 1613 0.0 0.0 0.0
8 1317.087 0.306 712 1616 0.0 0.0 0.0
8 1318.104 0.306 714 1617 1.0 0.7490196078431373 0.0
8 1320.094 0.306 714 1620 0.0 0.0 0.0
8 1321.12 0.306 714 1623 0.0 0.0 0.0
8 1322.132 0.305 714 1626 0.0 0.0 0.0
8 1324.11 0.305 714 1629 0.0 0.0 0.0
8 1325.13 0.304 714 1632 0.0 0.0 0.0
8 1327.107 0.304 714 1635 0.0 0.0 0.0
8 1328.128 0.304 714 1638 0.0 0.0 0.0
8 1330.118 0.303 714 1641 0.0 0.0 0.0
8 1332.124 0.303 714 1644 0.0 0.0 0.0
8 1334.126 0.302 714 1647 0.0 0.0 0.0
8 1336.129 0.302 714 1650 0.0 0.0 0.0
8 1338.138 0.302 714 1653 0.0 0.0 0.0
8 1340.132 0.301 714 1656 0.0 0.0 0.0
8 1342.097 0.302 716 1657 1.0 0.24313725490196078 0.0
8 1343.137 0.303 719 1657 1.0 1.0 1.0
8 1345.1 0.302 719 1660 0.0 0.0 0.0
8 1346.124 0.302 719 1663 0.0 0.0 0.0
8 1348.114 0.302 719 1666 0.0 0.0 0.0
8 1350.125 0.301 719 1669 0.0 0.0 0.0
8 1352.113 0.301 719 1672 0.0 0.0 0.0
8 1354.095 0.301 720 1674 0.7490196078431373 0.0 0.0
8 1355.121 0.3 720 1677 0.0 0.0 0.0
8 1357.088 0.3 720 1680 0.0 0.0 0.0
8 1358.117 0.3 720 1683 0.0 0.0 0.0
8 1360.135 0.299 720 1686 0.0 0.0 0.0
8 1362.101 0.3 722 1687 1.0 1.0 0.0
8 1364.092 0.301 725 1687 1.0 1.0 1.0
8 1365.101 0.302 728 1687 1.0 1.0 1.0
8 1366.144 0.302 731 1687 0.7490196078431373 1.0 1.0
8 1368.11 0.302 731 1690 0.0 0.0 0.0
8 1370.122 0.302 731 1693 0.0 0.0 0.0
8 1372.13 0.301 731 1696 0.0 0.0 0.0
8 1374.147 0.301 731 1699 0.0 0.0 0.0
8 1376.135 0.301 732 1701 1.0 0.0 0.0
8 1377.156 0.302 735 1701 1.0 1.0 0.24313725490196078
8 1379.102 0.303 738 1701 1.0 1.0 1.0
8 1380.116 0.304 741 1701 1.0 1.0 1.0
8 1381.147 0.304 743 1702 0.0 1.0 1.0
8 1383.128 0.304 743 1705 0.0 0.0 0.0
8 1385.13 0.303 743 1708 0.0 0.0 0.0
8 1386.143 0.303 743 1711 0.0 0.0 0.0
8 1388.148 0.302 743 1714 0.0 0.0 0.0
8 1390.139 0.302 743 1717 0.0 0.0 0.0
8 1392.151 0.302 743 1720 0.0 0.0 0.0
8 1394.112 0.301 743 1723 0.0 0.0 0.0
8 1395.148 0.301 743 1726 0.0 0.0 0.0
8 1397.135 0.302 746 1726 1.0 1.0 1.0
8 1398.155 0.301 746 1729 0.0 0.0 0.0
8 1400.126 0.301 746 1732 0.0 0.0 0.0
8 1401.133 0.301 746 1735 0.0 0.0 0.0
8 1403.129 0.3 746 1738 0.0 0.0 0.0
8 1405.15 0.301 749 1738 0.24313725490196078 1.0 1.0
8 1407.125 0.301 749 1741 0.0 0.0 0.0
8 1408.138 0.301 749 1744 0.0 0.0 0.0
8 1410.133 0.3 749 1747 0.0 0.0 0.0
8 1412.102 0.3 749 1750 0.0 0.0 0.0
8 1413.127 0.299 749 1753 0.0 0.0 0.0
8 1414.138 0.3 752 1753 1.0 1.0 1.0
8 1415.153 0.301 755 1753 1.0 1.0 1.0
8 1417.099 0.301 755 1756 0.0 0.0 0.0
8 1418.111 0.3 755 1759 0.0 0.0 0.0
8 1420.099 0.301 758 1759 1.0 1.0 1.0
8 1421.113 0.302 761 1759 1.0 1.0 1.0
8 1422.132 0.302 761 1762 0.0 0.0 0.0
8 1424.105 0.301 761 1765 0.0 0.0 0.0
8 1426.129 0.301 761 1768 0.0 0.0 0.0
8 1428.108 0.301 761 1771 0.0 0.0 0.0
8 1429.138 0.3 761 1774 0.0 0.0 0.0
8 1431.134 0.301 763 1775 1.0 1.0 0.0
8 1433.131 0.3 763 1778 0.0 0.0 0.0
8 1435.137 0.3 764 1780 1.0 0.0 0.0
8 1437.155 0.301 766 1781 1.0 1.0 0.0
8 1439.133 0.3 766 1784 0.0 0.0 0.0
8 1440.157 0.3 766 1787 0.0 0.0 0.0
8 1442.146 0.301 768 1788 0.0 1.0 1.0
8 1444.123 0.3 768 1791 0.0 0.0 0.0
8 1446.134 0.3 768 1794 0.0 0.0 0.0
8 1448.14 0.299 768 1797 0.0 0.0 0.0
8 1450.137 0.299 768 1800 0.0 0.0 0.0
8 1452.128 0.299 768 1803 0.0 0.0 0.0
8 1454.115 0.298 768 1806 0.0 0.0 0.0
8 1455.135 0.298 768 1809 0.0 0.0 0.0
8 1457.131 0.298 768 1812 0.0 0.0 0.0
8 1459.127 0.297 768 1815 0.0 0.0 0.0
8 1461.123 0.297 768 1818 0.0 0.0 0.0
8 1462.13 0.297 768 1821 0.0 0.0 0.0
8 1463.158 0.296 768 1824 0.0 0.0 0.0
8 1465.159 0.296 768 1827 0.0 0.0 0.0
8 1467.13 0.296 768 1830 0.0 0.0 0.0
8 1469.138 0.295 768 1833 0.0 0.0 0.0
8 1471.138 0.295 768 1836 0.0 0.0 0.0
8 1472.146 0.295 768 1839 0.0 0.0 0.0
8 1474.122 0.294 768 1842 0.0 0.0 0.0
8 1475.141 0.294 768 1845 0.0 0.0 0.0
8 1477.158 0.294 768 1848 0.0 0.0 0.0
8 1479.136 0.293 768 1851 0.0 0.0 0.0
8 1480.165 0.293 769 1853 0.0 0.0 1.0
8 1482.136 0.293 769 1856 0.0 0.0 0.0
8 1483.157 0.293 769 1859 0.0 0.0 0.0
8 1485.129 0.292 769 1862 0.0 0.0 0.0
8 1487.144 0.292 769 1865 0.0 0.0 0.0
8 1488.162 0.292 769 1868 0.0 0.0 0.0
8 1490.145 0.291 769 1871 0.0 0.0 0.0
8 1492.151 0.291 769 1874 0.0 0.0 0.0
8 1494.146 0.291 771 1875 1.0 1.0 0.0
8 1496.141 0.291 771 1878 0.0 0.0 0.0
8 1497.151 0.291 771 1881 0.0 0.0 0.0
8 1499.15 0.291 773 1882 1.0 0.7490196078431373 0.0
8 1501.146 0.291 773 1885 0.0 0.0 0.0
8 1502.151 0.292 776 1885 1.0 1.0 1.0
8 1504.143 0.291 776 1888 0.0 0.0 0.0
8 1506.116 0.292 779 1888 1.0 1.0 1.0
8 1507.175 0.293 782 1888 1.0 1.0 1.0
8 1509.152 0.293 782 1891 0.0 0.0 0.0
8 1511.158 0.292 782 1894 0.0 0.0 0.0
8 1513.158 0.293 785 1894 1.0 1.0 1.0
8 1515.174 0.293 785 1897 0.0 0.0 0.0
8 1517.154 0.292 785 1900 0.0 0.0 0.0
8 1519.144 0.293 788 1900 1.0 1.0 1.0
8 1520.161 0.294 790 1901 0.0 1.0 1.0
8 1522.16 0.293 790 1904 0.0 0.0 0.0
8 1524.138 0.294 793 1904 1.0 1.0 1.0
8 1526.162 0.295 795 1905 0.0 0.24313725490196078 1.0
8 1528.122 0.295 798 1905 1.0 1.0 1.0
8 1529.183 0.296 801 1905 1.0 1.0 1.0
8 1531.145 0.296 803 1906 0.0 1.0 1.0
8 1532.165 0.296 803 1909 0.0 0.0 0.0
8 1534.16 0.297 806 1909 1.0 1.0 1.0
8 1536.161 0.298 809 1909 1.0 1.0 1.0
8 1538.155 0.298 812 1909 1.0 1.0 1.0
8 1539.166 0.299 815 1909 1.0 1.0 1.0
8 1541.127 0.299 815 1912 0.0 0.0 0.0
8 1542.159 0.299 815 1915 0.0 0.0 0.0
8 1544.162 0.299 817 1916 1.0 1.0 0.0
8 1546.165 0.3 820 1916 1.0 1.0 1.0
8 1548.145 0.299 820 1919 0.0 0.0 0.0
8 1549.153 0.299 820 1922 0.0 0.0 0.0
8 1550.156 0.299 821 1924 0.24313725490196078 0.0 0.0
8 1552.155 0.3 823 1925 1.0 0.24313725490196078 0.0
8 1554.124 0.299 823 1928 0.0 0.0 0.0
8 1555.158 0.3 826 1928 1.0 1.0 1.0
8 1557.158 0.3 827 1930 0.24313725490196078 0.0 0.0
8 1559.117 0.3 827 1933 0.0 0.0 0.0
8 1561.117 0.3 828 1935 0.0 0.0 1.0
8 1562.156 0.299 828 1938 0.0 0.0 0.0
8 1564.106 0.299 828 1941 0.0 0.0 0.0
8 1565.126 0.299 828 1944 0.0 0.0 0.0
8 1567.13 0.3 831 1944 0.24313725490196078 1.0 1.0
8 1569.142 0.3 833 1945 0.0 0.7490196078431373 1.0
8 1571.129 0.3 833 1948 0.0 0.0 0.0
8 1572.135 0.299 833 1951 0.0 0.0 0.0
8 1574.16 0.299 833 1954 0.0 0.0 0.0
8 1576.132 0.3 836 1954 0.24313725490196078 1.0 1.0
8 1577.15 0.3 839 1954 1.0 1.0 1.0
8 1579.153 0.3 839 1957 0.0 0.0 0.0
8 1581.138 0.3 839 1960 0.0 0.0 0.0
8 1582.162 0.3 839 1963 0.0 0.0 0.0
8 1584.137 0.299 839 1966 0.0 0.0 0.0
8 1585.156 0.299 839 1969 0.0 0.0 0.0
8 1587.122 0.3 842 1969 1.0 1.0 1.0
8 1588.15 0.299 842 1972 0.0 0.0 0.0
8 1590.139 0.3 845 1972 1.0 1.0 1.0
8 1592.147 0.3 845 1975 0.0 0.0 0.0
8 1593.15 0.299 845 1978 0.0 0.0 0.0
8 1595.153 0.3 848 1978 1.0 1.0 1.0
8 1597.141 0.301 851 1978 1.0 1.0 1.0
8 1598.168 0.302 854 1978 1.0 1.0 1.0
8 1600.151 0.301 854 1981 0.0 0.0 0.0
8 1602.163 0.302 857 1981 1.0 1.0 1.0
8 1604.148 0.302 857 1984 0.0 0.0 0.0
8 1606.159 0.301 857 1987 0.0 0.0 0.0
8 1608.132 0.301 857 1990 0.0 0.0 0.0
8 1609.162 0.302 860 1990 0.7490196078431373 0.7490196078431373 0.7490196078431373
8 1611.132 0.303 863 1990 1.0 1.0 0.24313725490196078
8 1612.156 0.303 865 1991 1.0 1.0 0.0
8 1613.166 0.303 867 1992 1.0 1.0 0.0
8 1615.153 0.303 868 1994 0.0 0.0 1.0
8 1617.149 0.303 868 1997 0.0 0.0 0.0
8 1618.151 0.303 868 2000 0.0 0.0 0.0
8 1619.163 0.302 868 2003 0.0 0.0 0.0
8 1621.119 0.303 870 2004 1.0 1.0 0.0
8 1622.121 0.302 870 2007 0.0 0.0 0.0
8 1623.156 0.302 870 2010 0.0 0.0 0.0
8 1625.124 0.302 870 2013 0.0 0.0 0.0
8 1626.189 0.302 872 2014 1.0 1.0 0.0
8 1628.168 0.302 872 2017 0.0 0.0 0.0
8 1630.151 0.302 873 2019 0.0 0.0 1.0
8 1631.172 0.302 874 2021 0.0 0.0 1.0
8 1633.12 0.302 874 2024 0.0 0.0 0.0
8 1634.168 0.302 876 2025 1.0 1.0 0.0
8 1636.16 0.302 876 2028 0.0 0.0 0.0
8 1638.169 0.301 876 2031 0.0 0.0 0.0
8 1640.16 0.301 876 2034 0.0 0.0 0.0
8 1642.167 0.301 876 2037 0.0 0.0 0.0
8 1644.172 0.301 878 2038 0.0 1.0 1.0
8 1645.177 0.302 881 2038 1.0 1.0 0.7490196078431373
8 1647.174 0.302 881 2041 0.0 0.0 0.0
8 1649.148 0.301 881 2044 0.0 0.0 0.0
8 1650.158 0.302 883 2045 1.0 1.0 0.0
8 1652.146 0.302 884 2047 0.0 0.0 1.0
8 1653.193 0.302 887 2047 1.0 1.0 1.0
8 1655.122 0.302 887 2050 0.0 0.0 0.0
8 1656.135 0.302 887 2053 0.0 0.0 0.0
8 1657.162 0.301 887 2056 0.0 0.0 0.0
8 1659.17 0.302 889 2057 1.0 1.0 0.0
8 1661.125 0.302 889 2060 0.0 0.0 0.0
8 1662.165 0.301 889 2063 0.0 0.0 0.0
8 1664.132 0.301 889 2066 0.0 0.0 0.0
8 1665.157 0.301 889 2069 0.0 0.0 0.0
8 1667.158 0.3 889 2072 0.0 0.0 0.0
8 1669.163 0.3 889 2075 0.0 0.0 0.0
8 1671.157 0.3 889 2078 0.0 0.0 0.0
8 1672.178 0.3 890 2080 0.0 0.0 0.7490196078431373
8 1674.152 0.3 892 2081 0.0 1.0 1.0
8 1676.151 0.3 892 2084 0.0 0.0 0.0
8 1677.172 0.299 892 2087 0.0 0.0 0.0
8 1679.156 0.3 895 2087 1.0 1.0 1.0
8 1681.171 0.3 895 2090 0.0 0.0 0.0
8 1683.163 0.301 898 2090 1.0 1.0 1.0
8 1685.166 0.301 899 2092 0.0 0.0 0.7490196078431373
8 1686.168 0.301 902 2092 1.0 1.0 1.0
8 1688.124 0.302 905 2092 1.0 1.0 1.0
8 1689.159 0.303 908 2092 1.0 1.0 1.0
8 1691.156 0.302 908 2095 0.0 0.0 0.0
8 1693.15 0.303 911 2095 1.0 1.0 1.0
8 1694.169 0.304 914 2095 1.0 1.0 1.0
8 1696.128 0.305 917 2095 1.0 1.0 1.0
8 1697.155 0.305 920 2095 1.0 1.0 1.0
8 1699.168 0.306 923 2095 1.0 1.0 1.0
8 1701.156 0.306 924 2097 0.0 0.0 1.0
8 1703.142 0.307 927 2097 1.0 1.0 1.0
8 1704.151 0.307 928 2099 0.0 0.0 1.0
8 1706.121 0.306 928 2102 0.0 0.0 0.0
8 1707.17 0.307 930 2103 1.0 1.0 0.0
8 1709.174 0.307 933 2103 1.0 1.0 1.0
8 1711.167 0.307 933 2106 0.0 0.0 0.0
8 1713.162 0.307 935 2107 1.0 0.7490196078431373 0.0
8 1715.15 0.307 935 2110 0.0 0.0 0.0
8 1717.167 0.307 935 2113 0.0 0.0 0.0
8 1719.162 0.307 935 2116 0.0 0.0 0.0
8 1721.191 0.306 935 2119 0.0 0.0 0.0
8 1723.188 0.306 935 2122 0.0 0.0 0.0
8 1725.159 0.306 935 2125 0.0 0.0 0.0
8 1727.154 0.305 935 2128 0.0 0.0 0.0
8 1728.162 0.305 935 2131 0.0 0.0 0.0
8 1730.128 0.305 935 2134 0.0 0.0 0.0
8 1731.175 0.304 935 2137 0.0 0.0 0.0
8 1733.167 0.304 935 2140 0.0 0.0 0.0
8 1735.139 0.305 938 2140 1.0 1.0 0.24313725490196078
8 1736.183 0.305 940 2141 1.0 1.0 0.0
8 1738.179 0.305 941 2143 0.7490196078431373 0.0 0.0
8 1740.176 0.305 941 2146 0.0 0.0 0.0
8 1742.148 0.305 941 2149 0.0 0.0 0.0
8 1743.18 0.304 941 2152 0.0 0.0 0.0
8 1745.168 0.304 942 2154 0.0 0.0 1.0
8 1746.183 0.305 945 2154 1.0 1.0 1.0
8 1748.186 0.306 948 2154 1.0 1.0 1.0
8 1750.18 0.306 951 2154 1.0 1.0 1.0
8 1752.125 0.306 951 2157 0.0 0.0 0.0
8 1753.182 0.306 951 2160 0.0 0.0 0.0
8 1755.142 0.306 954 2160 1.0 1.0 1.0
8 1757.142 0.306 955 2162 0.0 0.0 1.0
8 1759.142 0.306 955 2165 0.0 0.0 0.0
8 1761.126 0.306 955 2168 0.0 0.0 0.0
8 1762.136 0.306 955 2171 0.0 0.0 0.0
